1254 0 40 1 1 0 0
-9 2 140 0 289 -9 -9 -9
0 -9 -9 0 12 16 84 0
0 0 0 0 150 18 -9 7
172 86 200 110 140 86 0 0
0 -9 26 20 -9 -9 -9 -9
-9 -9 -9 -9 -9 -9 -9 12
20 84 0 -9 -9 -9 -9 -9
-9 -9 -9 -9 -9 1 1 1
1 1 -9. -9. name
1255 0 49 0 1 0 0
-9 3 160 1 180 -9 -9 -9
0 -9 -9 0 11 16 84 0
0 0 0 0 -9 10 9 7
156 100 220 106 160 90 0 0
1 2 14 13 -9 -9 -9 -9
-9 -9 -9 -9 -9 -9 -9 11
20 84 1 -9 -9 2 -9 -9
-9 -9 -9 -9 -9 1 1 1
1 1 -9. -9. name
1256 0 37 1 1 0 0
-9 2 130 0 283 -9 -9 -9
0 -9 -9 1 11 21 84 0
0 0 0 0 100 10 -9 5
98 58 180 100 130 80 0 0
0 -9 17 14 -9 -9 -9 -9
-9 -9 -9 -9 -9 -9 -9 11
26 84 0 -9 -9 -9 -9 -9
-9 -9 -9 -9 -9 1 1 1
1 1 -9. -9. name
1257 0 48 0 1 1 1
-9 4 138 0 214 -9 -9 -9
0 -9 -9 0 9 21 84 0
0 0 0 0 50 5 4 4
108 54 210 106 138 86 1 0
1.5 2 19 22 -9 -9 -9 -9
-9 -9 -9 -9 -9 -9 -9 9
30 84 3 -9 2 -9 -9 2
-9 -9 -9 2 -9 1 1 1
1 1 -9. -9. name
1258 0 54 1 1 0 1
-9 3 150 0 -9 -9 -9 -9
0 -9 -9 0 7 25 84 0
0 1 1 0 25 2 -9 3
122 74 130 100 150 90 0 1
0 -9 13 9 -9 -9 -9 -9
-9 -9 -9 -9 -9 -9 -9 7
30 84 0 -9 -9 -9 -9 1
-9 -9 -9 1 -9 1 1 1
1 1 -9. -9. name
1259 0 39 1 1 0 1
-9 3 120 0 339 -9 -9 -9
0 -9 -9 0 4 18 84 0
0 0 0 0 175 19 -9 8
170 86 198 100 120 80 0 0
0 -9 20 21 -9 -9 -9 -9
-9 -9 -9 -9 -9 -9 -9 4
22 84 0 -9 -9 -9 -9 -9
-9 -9 -9 -9 -9 1 1 1
1 1 -9. -9. name
1260 0 45 0 0 1 0
-9 2 130 0 237 -9 -9 -9
0 -9 -9 0 11 3 84 0
0 0 0 0 100 10 -9 10
170 90 200 106 130 84 0 0
0 -9 11 11 -9 -9 -9 -9
-9 -9 -9 -9 -9 -9 -9 12
4 84 0 -9 -9 -9 -9 -9
-9 -9 -9 -9 -9 1 1 1
1 1 -9. -9. name
1261 0 54 1 1 0 0
-9 2 110 0 208 -9 -9 -9
0 -9 -9 0 8 31 84 0
0 0 0 0 175 19 -9 7
142 56 220 70 110 70 0 0
0 -9 11 11 -9 -9 -9 -9
-9 -9 -9 -9 -9 -9 -9 9
6 84 0 -9 -9 -9 -9 -9
-9 -9 -9 -9 -9 1 1 1
1 1 -9. -9. name
1262 0 37 1 1 1 1
-9 4 140 1 207 -9 -9 -9
0 -9 -9 0 11 12 85 0
0 0 0 0 125 15 13.5 7
130 63 190 100 140 80 1 0
1.5 2 18 19 -9 -9 -9 -9
-9 -9 -9 -9 -9 -9 -9 11
15 85 1 -9 2 -9 -9 -9
-9 -9 -9 -9 -9 1 1 1
1 1 -9. -9. name
1263 0 48 0 1 0 0
-9 2 120 0 284 -9 -9 -9
0 -9 -9 0 10 11 85 0
0 0 0 0 75 7 -9 4
120 72 140 80 120 80 0 0
0 -9 6 6 -9 -9 -9 -9
-9 -9 -9 -9 -9 -9 -9 10
15 85 0 -9 -9 -9 -9 1
-9 -9 -9 -9 -9 1 1 1
1 1 -9. -9. name
1264 0 37 0 1 0 1
-9 3 130 0 211 -9 -9 -9
0 -9 -9 0 4 1 87 0
0 0 0 0 100 10 -9 7
142 57 180 100 130 80 0 0
0 -9 16 18 -9 -9 -9 -9
-9 -9 -9 -9 -9 -9 -9 4
8 87 0 -9 -9 -9 -9 -9
-9 -9 -9 -9 -9 1 1 1
1 1 -9. -9. name
1265 0 58 1 1 0 0
-9 2 136 1 164 -9 -9 -9
0 -9 -9 1 4 16 87 0
0 1 0 0 50 4 3.5 4
99 70 160 100 136 80 1 0
2 2 17 17 -9 -9 -9 -9
-9 -9 -9 -9 -9 -9 -9 4
20 87 3 -9 2 -9 -9 2
-9 -9 -9 -9 2 1 1 1
7 1 -9. -9. name
1266 0 39 1 1 0 0
-9 2 120 1 204 -9 -9 -9
0 -9 -9 0 4 16 87 0
0 0 0 0 100 10 -9 5
145 100 160 100 120 80 0 0
0 -9 6 9 -9 -9 -9 -9
-9 -9 -9 -9 -9 -9 -9 4
20 87 0 -9 -9 -9 -9 -9
-9 -9 -9 -9 -9 1 1 1
1 1 -9. -9. name
1267 0 49 1 1 1 1
-9 4 140 0 234 -9 -9 -9
0 -9 -9 0 11 30 83 0
0 0 0 0 125 13 12 7
140 72 192 98 140 90 1 0
1 2 14 12 -9 -9 -9 -9
-9 -9 -9 -9 -9 -9 -9 12
4 83 3 -9 -9 2 -9 -9
2 -9 -9 2 -9 1 1 1
1 1 -9. -9. name
1268 0 42 0 1 0 1
-9 3 115 0 211 -9 -9 -9
0 -9 -9 1 5 8 87 0
1 1 1 0 75 9 -9 6
137 54 155 90 115 70 0 0
0 -9 15 16 -9 -9 -9 -9
-9 -9 -9 -9 -9 -9 -9 5
9 87 0 -9 -9 -9 -9 -9
-9 -9 -9 -9 -9 1 1 1
1 1 -9. -9. name
1269 0 54 0 1 1 0
-9 2 120 0 273 0 -9 -9
0 -9 -9 0 5 5 83 0
0 0 0 0 75 7 6 6
150 73 190 110 120 80 0 0
1.5 2 22 20 -9 -9 -9 -9
-9 -9 -9 -9 -9 -9 -9 5
6 83 0 -9 -9 -9 -9 -9
-9 -9 -9 -9 -9 1 1 1
1 1 -9. -9. name
1270 0 38 1 1 1 1
-9 4 110 0 196 -9 -9 -9
0 -9 -9 0 5 9 83 0
0 0 0 0 150 18 -9 9
166 86 190 80 110 80 0 0
0 -9 17 13 -9 -9 -9 -9
-9 -9 -9 -9 -9 -9 -9 5
10 83 1 -9 -9 -9 -9 2
-9 -9 -9 -9 -9 1 1 1
1 1 -9. -9. name
1271 0 43 0 1 0 0
-9 2 120 0 201 0 -9 -9
0 -9 -9 0 2 20 85 0
0 0 0 0 75 9 -9 5
165 84 200 80 120 80 0 0
0 -9 18 18 -9 -9 -9 -9
-9 -9 -9 -9 -9 -9 -9 2
26 85 0 -9 -9 -9 -9 -9
-9 -9 -9 -9 -9 1 1 1
1 1 -9. -9. name
1272 0 60 1 1 1 1
-9 4 100 0 248 -9 -9 -9
0 -9 -9 0 11 2 84 0
0 1 1 0 125 13 12 7
125 73 176 80 100 74 0 0
1 2 13 13 -9 -9 -9 -9
-9 -9 -9 -9 -9 -9 -9 11
11 84 1 -9 -9 -9 -9 2
-9 -9 -9 -9 -9 1 1 1
1 1 -9. -9. name
1273 0 36 1 1 0 0
-9 2 120 0 267 -9 -9 -9
0 -9 -9 0 9 9 84 0
0 0 0 0 100 12 10 6
160 82 170 82 120 80 0 0
3 2 13 9 -9 -9 -9 -9
-9 -9 -9 -9 -9 -9 -9 9
16 84 1 -9 2 -9 -9 -9
-9 -9 -9 -9 -9 1 1 1
1 1 -9. -9. name
1274 0 43 0 0 0 0
-9 1 100 0 223 -9 -9 -9
0 -9 -9 0 11 1 84 0
0 0 0 0 100 10 -9 7
142 82 145 80 100 60 0 0
0 -9 10 10 -9 -9 -9 -9
-9 -9 -9 -9 -9 -9 -9 11
10 84 0 -9 -9 -9 -9 -9
-9 -9 -9 -9 -9 1 1 1
1 2 -9. -9. name
1275 0 44 1 1 0 0
-9 2 120 1 184 -9 -9 -9
0 -9 -9 0 10 22 84 0
0 0 0 0 75 9 8 5
142 92 150 100 120 70 0 0
1 2 19 19 -9 -9 -9 -9
-9 -9 -9 -9 -9 -9 -9 10
26 84 0 -9 -9 -9 -9 -9
-9 -9 -9 -9 -9 1 1 1
1 1 -9. -9. name
1276 0 49 0 1 0 0
-9 2 124 0 201 -9 -9 -9
0 -9 -9 0 10 21 86 0
0 0 0 0 100 12 -9 6
164 85 170 80 124 80 0 0
0 -9 11 9 -9 -9 -9 -9
-9 -9 -9 -9 -9 -9 -9 10
26 86 0 -9 -9 -9 -9 -9
-9 -9 -9 -9 -9 1 1 1
1 1 -9. -9. name
1277 0 44 1 1 0 0
-9 2 150 0 288 -9 -9 -9
0 -9 -9 0 3 2 84 0
0 0 0 0 75 6.5 5.5 5
150 64 170 95 150 100 1 0
3 2 27 25 -9 -9 -9 -9
-9 -9 -9 -9 -9 -9 -9 3
15 84 3 -9 2 -9 -9 -9
2 2 2 2 -9 1 1 1
1 1 67. -9. name
1278 0 40 1 1 0 1
-9 3 130 1 215 -9 -9 -9
0 -9 -9 0 1 13 84 0
0 0 0 0 175 19 -9 10
138 73 210 96 130 74 0 0
0 -9 25 20 -9 -9 -9 -9
-9 -9 -9 -9 -9 -9 -9 1
15 84 0 -9 -9 -9 -9 -9
-9 -9 -9 -9 -9 1 1 1
1 1 -9. -9. name
1279 0 36 1 1 0 1
-9 3 130 0 209 -9 -9 -9
0 -9 -9 0 1 2 84 0
0 0 0 0 200 21 -9 11
178 74 200 90 130 80 0 0
0 -9 23 20 -9 -9 -9 -9
-9 -9 -9 -9 -9 -9 -9 1
6 84 0 -9 -9 -9 -9 -9
-9 -9 -9 -9 -9 1 1 1
1 1 -9. -9. name
1280 0 53 1 1 1 1
-9 4 124 0 260 -9 -9 -9
0 -9 -9 1 5 16 84 0
0 0 0 0 75 9 7.5 6
112 84 150 80 124 80 1 0
3 2 7 7 -9 -9 -9 -9
-9 -9 -9 -9 -9 -9 -9 5
20 84 0 -9 1 -9 -9 -9
-9 -9 -9 -9 -9 1 1 1
1 1 -9. -9. name
1281 0 52 1 1 0 0
-9 2 120 0 284 0 -9 -9
0 -9 -9 0 5 7 86 0
0 0 0 0 100 10 -9 5
118 68 160 90 120 80 0 0
0 -9 11 12 -9 -9 -9 -9
-9 -9 -9 -9 -9 -9 -9 5
15 86 0 -9 -9 -9 -9 -9
-9 -9 -9 -9 -9 1 1 1
1 1 -9. -9. name
1282 0 53 0 1 0 0
-9 2 113 0 468 -9 -9 -9
-9 -9 -9 0 6 2 87 0
0 0 0 0 50 6 -9 4
127 85 170 100 113 80 0 0
0 -9 9 10 -9 -9 -9 -9
-9 -9 -9 -9 -9 -9 -9 6
1 87 0 -9 -9 -9 -9 -9
-9 -9 -9 -9 -9 1 1 1
1 1 59. -9. name
1283 0 51 1 1 0 0
-9 2 125 0 188 -9 -9 -9
0 -9 -9 0 5 25 87 0
0 0 0 0 125 13 -9 6
145 74 180 94 125 80 0 0
0 -9 19 20 -9 -9 -9 -9
-9 -9 -9 -9 -9 -9 -9 5
30 87 0 -9 -9 -9 -9 -9
-9 -9 -9 -9 -9 1 1 1
1 1 -9. -9. name
1284 0 53 1 1 1 0
-9 3 145 1 518 -9 -9 -9
0 -9 -9 0 6 2 87 0
-9 1 1 0 125 15 -9 7
130 64 230 115 145 90 0 0
0 -9 15 12 -9 -9 -9 -9
-9 -9 -9 -9 -9 -9 -9 5
30 87 3 -9 2 -9 -9 2
-9 2 -9 2 -9 1 1 1
1 1 -9. -9. name
1285 0 56 1 1 0 1
-9 3 130 0 -9 -9 -9 -9
0 -9 -9 0 5 22 87 0
0 0 0 0 75 7 -9 4
114 98 150 80 130 80 0 0
0 -9 8 8 -9 -9 -9 -9
-9 -9 -9 -9 -9 -9 -9 5
28 87 0 -9 -9 -9 -9 -9
-9 -9 -9 -9 -9 1 1 1
1 1 -9. -9. name
1286 0 54 1 1 1 1
-9 4 125 0 224 -9 -9 -9
0 -9 -9 0 5 6 87 0
0 0 0 0 50 6 4.5 3
122 71 150 100 125 80 0 0
2 2 12 15 -9 -9 -9 -9
-9 -9 -9 -9 -9 -9 -9 5
16 87 1 -9 2 -9 -9 -9
-9 -9 -9 -9 -9 1 1 1
1 1 -9. -9. name
1287 0 41 1 1 1 1
-9 4 130 1 172 -9 -9 -9
0 -9 -9 1 4 14 87 0
0 1 1 0 100 10 9 5
130 87 160 100 130 90 0 0
2 2 11 11 -9 -9 -9 -9
-9 -9 -9 -9 -9 -9 -9 5
10 87 3 -9 -9 2 -9 2
-9 2 2 2 -9 1 1 1
1 4 18. -9. name
1288 0 43 0 1 0 0
-9 2 150 0 186 -9 -9 -9
0 -9 -9 0 4 30 87 0
0 0 0 0 75 8 -9 6
154 75 182 90 150 90 0 0
0 -9 9 12 -9 -9 -9 -9
-9 -9 -9 -9 -9 -9 -9 5
2 87 0 -9 -9 -9 -9 -9
-9 -9 -9 -9 -9 1 1 1
1 1 -9. -9. name
1289 0 32 1 1 0 0
-9 2 125 0 254 -9 -9 -9
0 -9 -9 0 5 8 87 0
0 0 0 0 150 16.5 -9 9
155 75 230 90 125 80 0 0
0 -9 15 15 -9 -9 -9 -9
-9 -9 -9 -9 -9 -9 -9 5
10 87 0 -9 -9 -9 -9 -9
-9 -9 -9 -9 -9 1 1 1
1 1 -9. -9. name
1290 0 65 1 1 1 1
-9 4 140 1 306 -9 -9 -9
1 1 -9 0 4 29 87 0
1 1 1 0 25 3 1.5 2
87 68 160 98 140 80 1 0
1.5 2 11 14 -9 -9 -9 -9
-9 -9 -9 -9 -9 -9 -9 5
26 87 1 -9 1 -9 -9 -9
-9 -9 -9 -9 2 1 1 1
1 1 -9. -9. name
1291 0 41 0 1 0 0
-9 2 110 0 250 -9 -9 -9
0 -9 -9 1 5 13 87 0
0 1 1 0 100 12 -9 6
142 83 145 85 110 70 0 0
0 -9 5 5 -9 -9 -9 -9
-9 -9 -9 -9 -9 -9 -9 5
20 87 0 -9 -9 -9 -9 -9
-9 -9 -9 -9 -9 1 1 1
1 1 -9. -9. name
1292 0 48 0 1 0 0
-9 2 120 0 -9 -9 -9 -9
1 1 -9 1 5 11 87 0
0 0 0 0 100 10 -9 7
148 79 160 95 120 75 0 0
0 -9 7 7 -9 -9 -9 -9
-9 -9 -9 -9 -9 -9 -9 5
20 87 0 -9 -9 -9 -9 -9
-9 -9 -9 -9 -9 1 1 1
1 1 -9. -9. name
1293 0 48 0 1 1 1
-9 4 150 0 227 -9 -9 -9
0 -9 -9 0 5 5 87 0
0 0 0 0 75 8 7 6
130 73 200 110 150 80 1 0
1 2 10 10 9 -9 -9 -9
-9 -9 -9 -9 -9 -9 -9 5
10 87 0 -9 -9 -9 -9 -9
-9 -9 -9 -9 -9 1 1 1
1 1 -9. -9. name
1294 0 54 0 1 0 0
-9 2 150 1 230 -9 -9 -9
0 -9 -9 0 5 4 87 -9
-9 -9 -9 -9 75 -9 -9 5
130 83 180 100 150 100 0 0
0 -9 7 7 -9 -9 -9 -9
-9 -9 -9 -9 -9 -9 -9 5
10 87 0 -9 -9 -9 -9 -9
-9 -9 -9 -9 -9 1 1 1
1 1 -9. -9. name
1295 0 54 0 1 0 1
-9 3 130 1 294 -9 -9 -9
0 -9 -9 1 5 11 87 0
1 1 1 0 25 2 1 3
100 65 160 110 130 90 1 0
0 2 18 18 -9 -9 -9 -9
-9 -9 -9 -9 -9 -9 -9 5
20 87 4 2 -9 -9 -9 2
-9 -9 -9 -9 -9 1 1 1
1 1 -9. -9. name
1296 0 35 1 1 0 0
-9 2 150 0 264 -9 -9 -9
0 -9 -9 0 3 2 87 0
0 0 0 0 125 14 -9 7
168 85 230 120 150 80 0 0
0 -9 18 15 -9 -9 -9 -9
-9 -9 -9 -9 -9 -9 -9 3
5 87 0 -9 -9 -9 -9 -9
-9 -9 -9 -9 -9 1 1 1
1 1 -9. -9. name
1297 0 52 1 1 0 1
-9 3 140 0 259 -9 -9 -9
0 -9 -9 1 3 18 85 0
0 0 0 0 75 9 -9 5
170 78 190 105 140 100 0 0
0 -9 24 16 -9 -9 -9 -9
-9 -9 -9 -9 -9 -9 -9 3
19 85 0 -9 -9 1 -9 -9
-9 -9 -9 -9 -9 1 1 1
1 1 -9. -9. name
1298 0 43 1 1 1 1
-9 4 120 0 175 -9 -9 -9
0 -9 -9 0 9 16 86 0
0 1 1 0 100 10 8.5 6
120 70 170 80 120 80 1 0
1 2 11 11 -9 -9 -9 -9
-9 -9 -9 7 2 1 -9 9
25 86 3 -9 -9 2 -9 2
-9 -9 -9 2 -9 1 1 1
1 1 -9. -9. name
1299 0 59 1 1 0 1
-9 3 130 0 318 -9 -9 -9
0 -9 -9 0 5 22 85 0
0 0 0 0 75 7 6 5
120 50 160 100 130 80 1 0
1 2 13 12 -9 -9 -9 -9
-9 -9 -9 3 0 0 -9 5
20 85 0 -9 -9 1 -9 -9
-9 -9 -9 -9 -9 1 1 1
1 1 -9. -9. name
1300 0 37 1 1 1 1
-9 4 120 0 223 -9 -9 -9
0 -9 -9 0 1 19 84 0
0 0 0 0 125 15 -9 7
168 67 180 90 120 80 0 0
0 -9 18 10 -9 -9 -9 -9
-9 -9 -9 3 0 0 -9 1
20 84 0 -9 -9 -9 -9 -9
-9 -9 -9 -9 -9 1 1 1
1 1 -9. -9. name
1301 0 50 1 1 0 0
-9 2 140 0 216 -9 -9 -9
0 -9 -9 0 11 28 83 0
0 0 0 0 175 20 -9 6
170 78 210 110 140 90 0 0
0 -9 18 15 -9 -9 -9 -9
-9 -9 -9 3 0 1 -9 11
29 83 0 -9 -9 -9 -9 -9
-9 -9 -9 -9 -9 1 1 1
1 1 -9. -9. name
1302 0 36 1 1 0 0
-9 3 112 0 340 -9 -9 -9
0 -9 -9 0 10 5 84 0
0 0 0 0 75 7 6.5 4
184 134 150 82 112 70 0 0
1 2 24 28 -9 -9 -9 -9
-9 -9 -9 3 0 0 -9 10
10 84 0 -9 -9 -9 -9 1
-9 -9 -9 -9 -9 1 1 1
1 1 -9. -9. name
1303 0 41 1 1 1 1
-9 4 110 0 289 -9 -9 -9
0 -9 -9 0 9 27 84 0
0 1 0 0 150 16 -9 8
170 92 200 70 110 70 0 0
0 -9 11 13 -9 -9 -9 -9
-9 -9 -9 6 2 1 -9 9
27 84 1 -9 2 -9 -9 -9
-9 -9 -9 -9 -9 1 1 1
1 1 -9. -9. name
1304 0 50 1 1 1 1
-9 4 130 0 233 -9 -9 -9
0 -9 -9 0 6 21 83 0
0 0 0 0 50 6 5.5 5
121 98 170 100 130 90 1 0
2 2 31 26 -9 -9 -9 -9
-9 -9 -9 7 2 1 -9 6
22 83 2 -9 2 2 2 -9
-9 -9 -9 2 -9 1 1 1
8 2 -9. -9. name
1305 0 47 0 1 1 1
-9 4 120 0 205 -9 -9 -9
0 -9 -9 0 6 24 83 0
0 0 0 0 25 1.5 1 3
98 74 140 90 120 80 1 0
2 2 18 18 -9 -9 -9 -9
-9 -9 -9 6 3 1 -9 6
30 83 4 2 -9 -9 -9 -9
-9 -9 -9 -9 -9 1 1 1
1 1 -9. -9. name
1306 0 45 1 1 0 0
-9 2 140 1 224 -9 -9 -9
1 1 -9 0 4 6 87 0
0 0 0 0 100 10 -9 5
122 90 170 105 140 95 0 0
0 -9 12 13 -9 -9 -9 -9
-9 -9 -9 -9 -9 -9 -9 4
7 87 0 -9 -9 -9 -9 -9
-9 -9 -9 -9 -9 1 1 1
1 1 -9. -9. name
1307 0 41 0 1 0 0
-9 2 130 0 245 0 -9 -9
0 -9 -9 0 3 9 87 0
0 0 0 0 100 12 -9 6
150 77 170 95 130 90 0 0
0 -9 13 11 -9 -9 -9 -9
-9 -9 -9 -9 -9 -9 -9 3
10 87 0 -9 -9 1 1 -9
-9 -9 -9 -9 -9 1 1 1
1 1 -9. -9. name
1308 0 52 0 1 1 1
-9 4 130 0 180 -9 -9 -9
0 -9 -9 0 3 11 87 0
1 1 1 0 75 7 6 5
140 85 170 100 130 90 1 0
1.5 2 11 11 -9 -9 -9 -9
-9 -9 -9 -9 -9 -9 -9 3
12 87 0 -9 -9 -9 -9 -9
-9 -9 -9 -9 -9 1 1 1
1 1 -9. -9. name
1309 0 51 0 1 0 0
-9 2 160 1 194 -9 -9 -9
0 -9 -9 0 2 21 85 0
0 0 0 0 75 8 -9 3
170 65 200 100 160 80 0 0
0 -9 9 9 -9 -9 -9 -9
-9 -9 -9 -9 -9 -9 -9 2
22 85 0 -9 -9 -9 -9 -9
-9 -9 -9 -9 -9 1 1 1
1 1 -9. -9. name
1310 0 31 1 1 1 1
-9 4 120 0 270 -9 -9 -9
0 -9 -9 0 3 8 85 0
0 0 0 0 125 14 13 6
153 84 170 90 120 90 1 0
1.5 2 20 15 -9 -9 -9 -9
-9 -9 -9 -9 -9 -9 -9 3
9 85 1 -9 2 -9 -9 -9
-9 -9 -9 -9 -9 1 1 1
5 1 -9. -9. name
1183 0 58 1 1 0 0
-9 3 130 0 213 -9 -9 -9
0 -9 -9 1 1 10 84 0
0 0 0 0 100 10 -9 5
140 64 200 100 130 80 0 0
0 -9 13 10 -9 -9 -9 -9
-9 -9 -9 6 2 1 -9 1
17 84 1 -9 -9 2 -9 -9
-9 -9 -9 -9 -9 1 1 1
1 2 -9. -9. name
1184 0 54 1 1 1 1
-9 4 150 0 365 -9 -9 -9
0 -9 -9 1 5 2 84 0
0 0 0 0 150 20 19 7
134 78 170 96 150 100 0 0
1 1 17 16 -9 -9 -9 -9
-9 -9 -9 -9 -9 -9 -9 5
4 84 0 -9 -9 -9 -9 -9
-9 -9 -9 -9 -9 1 1 1
1 1 -9. -9. name
1185 0 52 1 1 1 1
-9 4 112 0 342 -9 -9 -9
0 -9 -9 1 2 16 84 0
0 0 0 0 75 8 6.5 5
96 68 158 82 112 80 1 0
1 2 9 9 -9 -9 -9 -9
-9 -9 -9 -9 -9 -9 -9 3
20 84 3 -9 2 -9 -9 2
-9 2 -9 2 -9 1 1 5
7 2 -9. -9. name
1186 0 49 1 1 0 0
-9 2 100 0 253 -9 -9 -9
0 -9 -9 0 8 14 84 0
0 0 0 0 -9 11 -9 6
174 116 160 80 100 70 0 0
0 -9 4 4 -9 -9 -9 -9
-9 -9 -9 -9 -9 -9 -9 8
14 84 0 -9 -9 -9 -9 -9
-9 -9 -9 -9 -9 1 1 1
1 1 -9. -9. name
1187 0 43 0 1 0 0
-9 3 150 1 -9 -9 -9 -9
0 -9 -9 0 7 3 86 0
0 0 0 0 75 7 -9 5
175 105 240 110 150 90 0 0
0 -9 21 20 -9 -9 -9 -9
-9 -9 -9 3 -9 -9 -9 7
6 86 0 -9 1 1 -9 -9
-9 -9 -9 -9 -9 1 1 1
1 1 -9. -9. name
1188 0 45 1 1 1 1
-9 4 140 0 224 -9 -9 -9
0 -9 -9 0 12 13 83 0
0 0 0 0 100 11 -9 6
144 78 180 100 140 90 0 0
0 -9 25 22 -9 -9 -9 -9
-9 -9 -9 -9 -9 -9 -9 12
15 83 0 -9 -9 -9 -9 -9
-9 -9 -9 -9 -9 1 1 1
1 1 -9. -9. name
1189 0 46 1 1 1 1
-9 4 120 1 277 1 -9 -9
0 -9 -9 0 4 23 86 0
0 0 0 0 150 16 15 9
125 73 180 95 120 80 1 0
1 2 22 20 -9 -9 -9 -9
-9 -9 -9 -9 -9 -9 -9 4
25 86 1 -9 -9 -9 -9 -9
-9 -9 -9 1 2 1 1 1
1 1 -9. -9. name
1190 0 50 0 1 0 0
-9 2 110 0 202 -9 -9 -9
0 -9 -9 0 7 12 85 0
0 0 0 0 100 11 -9 7
145 60 170 90 110 70 0 0
0 -9 4 3 -9 -9 -9 -9
-9 -9 -9 -9 -9 -9 -9 7
16 85 0 -9 -9 -9 -9 -9
-9 -9 -9 -9 -9 1 1 1
1 1 -9. -9. name
1191 0 37 0 1 0 0
-9 2 120 1 260 0 -9 -9
0 -9 -9 0 9 9 85 0
0 0 0 0 75 7 -9 6
130 82 160 100 120 90 0 0
0 -9 8 8 -9 -9 -9 -9
-9 -9 -9 -9 -9 -9 -9 9
9 85 0 -9 -9 -9 -9 -9
-9 -9 -9 -9 -9 1 1 1
1 1 -9. -9. name
1192 0 45 0 1 1 1
-9 4 132 1 297 -9 -9 -9
0 -9 -9 0 3 20 85 0
0 0 0 0 75 8 -9 5
144 102 180 104 132 94 0 0
0 -9 8 8 -9 -9 -9 -9
-9 -9 -9 -9 -9 -9 -9 3
14 85 0 -9 -9 -9 -9 -9
-9 -9 -9 -9 -9 1 1 1
1 1 -9. -9. name
1193 0 32 1 1 0 0
-9 2 110 0 225 -9 -9 -9
0 -9 -9 0 12 10 84 0
0 0 0 0 100 12 -9 5
184 120 170 84 110 70 0 0
0 -9 19 17 -9 -9 -9 -9
-9 -9 -9 -9 -9 -9 -9 12
14 84 0 -9 -9 -9 -9 -9
-9 -9 -9 -9 -9 1 1 1
1 1 -9. -9. name
1194 0 52 1 1 1 1
-9 4 160 1 246 -9 -9 -9
0 -9 -9 1 3 30 84 0
0 0 0 0 25 2 1 2
82 60 160 80 160 80 1 0
4 2 10 10 -9 -9 -9 -9
-9 -9 -9 -9 -9 -9 -9 10
2 84 3 -9 2 -9 -9 2
-9 2 -9 2 2 1 1 1
3 1 -9. -9. name
1195 0 44 1 1 1 1
-9 4 150 1 412 -9 -9 -9
0 -9 -9 0 3 25 85 0
0 0 0 0 50 6 -9 4
170 90 230 110 150 100 0 0
0 -9 5 5 -9 -9 -9 -9
-9 -9 -9 -9 -9 -9 -9 3
28 85 0 -9 -9 -9 -9 -9
-9 -9 -9 -9 -9 1 1 1
1 1 -9. -9. name
1196 0 57 1 1 0 0
-9 2 140 0 265 -9 -9 -9
0 -9 -9 1 7 24 86 0
0 0 0 0 50 6 5 3
145 88 220 130 140 90 1 0
1 2 7 8 -9 -9 -9 -9
-9 -9 -9 -9 -9 -9 -9 7
30 86 1 -9 -9 -9 -9 2
-9 -9 -9 -9 -9 1 1 1
1 1 -9. -9. name
1197 0 44 1 1 0 0
-9 2 130 1 215 -9 -9 -9
0 -9 -9 0 11 20 86 0
0 0 0 0 50 5 -9 3
135 82 180 115 130 100 0 0
0 -9 15 15 -9 -9 -9 -9
-9 -9 -9 -9 -9 -9 -9 11
26 86 0 -9 -9 -9 -9 -9
-9 -9 -9 -9 -9 1 1 1
1 1 -9. -9. name
1198 0 52 1 1 1 1
-9 4 120 0 182 -9 -9 -9
0 -9 -9 0 10 2 85 0
0 0 0 0 125 14 -9 6
150 75 180 80 120 80 0 0
0 -9 18 20 -9 -9 -9 -9
-9 -9 -9 -9 -9 -9 -9 10
5 85 2 -9 -9 -9 -9 -9
-9 2 -9 -9 2 1 1 1
1 1 -9. -9. name
1199 0 44 0 1 1 1
-9 4 120 0 218 -9 -9 -9
0 -9 -9 1 8 15 85 0
0 0 0 0 100 10 -9 6
115 76 150 80 120 80 0 0
0 -9 7 6 -9 -9 -9 -9
-9 -9 -9 -9 -9 -9 -9 8
20 85 0 -9 -9 -9 -9 -9
-9 -9 -9 -9 -9 1 1 1
1 1 -9. -9. name
1200 0 55 1 1 1 1
-9 4 140 0 268 -9 -9 -9
0 -9 -9 0 9 25 86 0
0 0 0 0 100 11 10 5
128 90 200 110 140 90 1 0
1.5 2 13 13 -9 -9 -9 -9
-9 -9 -9 -9 -9 -9 -9 9
30 86 2 -9 -9 2 -9 -9
-9 -9 -9 2 -9 1 1 1
1 1 -9. -9. name
1201 0 46 1 1 0 1
-9 3 150 1 163 -9 -9 -9
-9 -9 -9 0 1 25 84 0
0 0 0 0 25 2 -9 2
116 92 170 130 150 100 0 0
0 -9 21 25 -9 -9 -9 -9
-9 -9 -9 -9 -9 -9 -9 1
30 84 0 -9 -9 -9 -9 -9
-9 -9 -9 -9 -9 1 1 1
1 1 -9. -9. name
1202 0 32 1 1 1 1
-9 4 118 0 529 -9 -9 -9
0 -9 -9 0 6 12 86 0
0 0 0 0 125 18 -9 7
130 74 180 70 118 70 0 0
0 -9 28 28 -9 -9 -9 -9
-9 -9 -9 -9 -9 -9 -9 6
15 86 2 -9 -9 2 -9 -9
-9 -9 -9 2 -9 1 1 1
6 2 -9. -9. name
1203 0 35 0 1 1 1
-9 4 140 0 167 -9 -9 -9
0 -9 -9 0 11 22 85 0
0 0 0 0 100 12 -9 6
150 77 180 80 140 80 0 0
0 -9 14 14 -9 -9 -9 -9
-9 -9 -9 -9 -9 -9 -9 11
23 85 0 -9 -9 -9 -9 -9
-9 -9 -9 -9 -9 1 1 1
1 1 -9. -9. name
1204 0 52 1 1 0 0
-9 2 140 0 100 -9 -9 -9
0 -9 -9 0 8 8 86 0
0 0 0 0 75 7.5 -9 6
138 100 180 100 140 98 1 0
0 -9 23 23 -9 -9 -9 -9
-9 -9 -9 -9 -9 -9 -9 8
10 86 0 -9 -9 -9 -9 -9
-9 -9 -9 -9 -9 1 1 1
1 1 -9. -9. name
1205 0 49 1 1 1 1
-9 4 130 1 206 -9 -9 -9
0 -9 -9 0 7 16 86 0
0 0 0 0 150 17 -9 9
170 92 200 90 130 80 0 0
0 -9 9 10 -9 -9 -9 -9
-9 -9 -9 -9 -9 -9 -9 7
18 86 1 1 -9 -9 -9 2
-9 -9 -9 1 -9 1 1 1
1 1 -9. -9. name
1206 0 55 1 1 0 1
-9 3 110 1 277 -9 -9 -9
0 -9 -9 0 11 22 84 0
0 0 0 0 -9 12 -9 5
160 60 190 70 110 70 0 0
0 -9 14 16 -9 -9 -9 -9
-9 -9 -9 -9 -9 -9 -9 11
30 84 0 -9 -9 -9 -9 -9
-9 -9 -9 -9 -9 1 1 1
1 1 -9. -9. name
1207 0 54 1 1 0 0
-9 2 120 0 238 -9 -9 -9
0 -9 -9 0 3 1 84 0
0 0 0 0 125 13 -9 7
154 90 180 84 120 80 0 0
0 -9 9 5 -9 -9 -9 -9
-9 -9 -9 -9 -9 -9 -9 3
6 84 0 -9 -9 -9 -9 -9
-9 -9 -9 -9 -9 1 1 1
1 1 -9. -9. name
1208 0 63 1 1 1 1
-9 4 150 1 223 -9 -9 -9
0 -9 -9 0 3 6 86 0
0 0 0 0 125 14 11 5
115 80 180 100 150 90 0 0
0 -9 10 10 -9 -9 -9 -9
-9 -9 -9 -9 -9 -9 -9 3
8 86 1 -9 2 -9 2 1
-9 -9 -9 1 -9 1 3 4
8 1 -9. -9. name
1209 0 52 1 1 0 0
-9 2 160 0 196 -9 -9 -9
0 -9 -9 0 2 13 86 0
0 0 0 0 125 14 -9 7
165 70 230 110 160 90 0 0
0 -9 20 20 -9 -9 -9 -9
-9 -9 -9 -9 -9 -9 -9 2
14 86 0 -9 -9 -9 -9 -9
-9 -9 -9 -9 -9 1 1 1
1 1 -9. -9. name
1210 0 56 1 1 1 1
-9 4 150 1 213 -9 -9 -9
1 1 -9 0 3 20 86 0
0 0 0 0 75 7 6 4
125 84 180 100 150 100 1 0
1 2 12 12 -9 -9 -9 -9
-9 -9 -9 -9 -9 -9 -9 3
25 86 2 -9 -9 -9 -9 2
-9 -9 -9 -9 2 1 1 1
8 2 45. -9. name
1211 0 66 1 1 1 1
-9 4 140 1 -9 -9 -9 -9
0 1 -9 0 12 9 86 0
0 0 0 0 75 8 7 5
94 65 190 100 140 80 1 0
1 2 11 17 -9 -9 -9 -9
-9 -9 -9 -9 -9 -9 -9 12
10 86 3 -9 2 -9 -9 2
-9 -9 -9 -9 2 1 1 1
1 1 -9. -9. name
1212 0 65 1 1 1 1
-9 4 170 1 263 -9 -9 -9
1 1 -9 0 1 17 86 0
0 0 0 0 50 4 3 5
112 72 230 120 170 90 1 0
2 2 8 9 -9 -9 -9 -9
-9 -9 -9 -9 -9 -9 -9 1
20 86 3 -9 2 -9 -9 2
-9 -9 -9 -9 2 1 1 1
1 1 -9. -9. name
1213 0 53 0 1 0 0
-9 2 140 0 216 -9 -9 -9
0 -9 -9 0 1 19 83 0
0 0 0 0 25 3 2 3
142 84 170 100 140 90 1 0
2 2 17 15 -9 -9 -9 -9
-9 -9 -9 -9 -9 -9 -9 1
20 83 0 -9 -9 -9 -9 -9
-9 -9 -9 -9 -9 1 1 1
1 1 -9. -9. name
1214 0 43 1 0 0 0
-9 1 120 0 291 -9 -9 -9
0 -9 -9 1 7 11 86 0
0 0 0 0 125 13 -9 7
155 80 230 120 120 80 0 0
0 -9 17 15 -9 -9 -9 -9
-9 -9 -9 -9 -9 -9 -9 7
12 86 2 -9 -9 2 -9 2
-9 -9 -9 -9 -9 1 1 1
1 2 44. -9. name
1215 0 55 1 1 1 1
-9 4 140 0 229 -9 -9 -9
0 -9 -9 0 6 24 86 0
0 0 0 0 50 4 3 3
110 92 160 90 140 90 1 0
0.5 2 11 9 -9 -9 -9 -9
-9 -9 -9 -9 -9 -9 -9 6
25 86 0 -9 -9 -9 -9 -9
-9 -9 -9 -9 -9 1 1 1
1 1 -9. -9. name
1216 0 49 0 1 0 0
-9 2 110 1 -9 -9 -9 -9
0 -9 -9 0 5 27 86 0
0 0 0 0 75 9 -9 4
160 100 150 105 110 80 0 0
0 -9 8 7 -9 -9 -9 -9
-9 -9 -9 -9 -9 -9 -9 5
28 86 0 -9 -9 -9 -9 -9
-9 -9 -9 -9 -9 1 1 1
1 1 -9. -9. name
1217 0 39 1 1 1 1
-9 4 130 0 307 -9 -9 -9
0 -9 -9 0 8 16 85 0
0 1 1 0 150 16 -9 9
140 95 170 100 130 80 0 0
0 -9 10 10 -9 -9 -9 -9
-9 -9 -9 -9 -9 -9 -9 8
20 85 0 -9 1 -9 -9 -9
-9 -9 -9 -9 -9 1 1 1
1 1 -9. -9. name
1218 0 52 0 1 0 0
-9 2 120 0 210 -9 -9 -9
0 -9 -9 0 9 29 84 0
0 0 0 0 75 9 -9 6
148 84 140 90 120 80 0 0
0 -9 8 8 -9 -9 -9 -9
-9 -9 -9 -9 -9 -9 -9 9
30 84 0 -9 -9 -9 -9 -9
-9 -9 -9 -9 -9 1 1 1
1 1 -9. -9. name
1219 0 48 1 1 1 1
-9 4 160 0 329 -9 -9 -9
0 -9 -9 0 4 5 85 0
0 0 0 0 50 4 3 3
92 74 190 120 160 100 1 0
1.5 2 8 7 -9 -9 -9 -9
-9 -9 -9 -9 -9 -9 -9 4
10 85 2 -9 2 -9 -9 2
-9 -9 -9 -9 -9 1 1 1
3 2 -9. -9. name
1220 0 39 0 1 0 1
-9 3 110 0 182 -9 -9 -9
0 -9 -9 1 4 11 85 0
0 0 0 0 75 9 -9 6
180 100 140 80 110 70 0 0
0 -9 10 8 -9 -9 -9 -9
-9 -9 -9 -9 -9 -9 -9 4
16 85 0 -9 -9 -9 -9 -9
-9 -9 -9 -9 -9 1 1 1
1 1 -9. -9. name
1221 0 58 1 1 1 1
-9 4 130 1 263 -9 -9 -9
0 -9 -9 0 4 16 85 0
0 0 0 0 75 9 8 4
140 86 180 105 130 90 1 0
2 2 10 13 -9 -9 -9 -9
-9 -9 -9 -9 -9 -9 -9 4
20 85 2 -9 -9 2 -9 2
-9 -9 -9 -9 -9 1 1 1
4 2 -9. -9. name
1222 0 43 1 1 0 0
-9 2 142 1 207 -9 -9 -9
0 -9 -9 0 7 16 86 0
0 0 0 0 100 10 -9 6
138 94 240 115 142 100 0 0
0 -9 9 11 -9 -9 -9 -9
-9 -9 -9 -9 -9 -9 -9 7
20 86 0 -9 -9 1 -9 -9
-9 -9 -9 -9 -9 1 1 1
1 1 -9. -9. name
1223 0 39 1 1 1 0
-9 3 160 1 147 -9 -9 -9
1 1 -9 0 9 29 86 0
0 0 0 0 100 12 -9 6
160 120 200 116 160 100 0 0
0 -9 5 8 -9 -9 -9 -9
-9 -9 -9 -9 -9 -9 -9 9
30 86 0 -9 -9 1 -9 -9
-9 -9 -9 -9 -9 1 1 1
1 1 -9. -9. name
1224 0 56 1 1 1 1
-9 4 120 0 85 -9 -9 -9
0 -9 -9 0 6 24 84 0
0 0 0 0 125 13 -9 6
140 61 220 110 120 90 0 0
0 -9 22 18 -9 -9 -9 -9
-9 -9 -9 -9 -9 -9 -9 6
26 84 0 -9 -9 1 -9 -9
-9 -9 -9 -9 -9 1 1 1
1 1 -9. -9. name
1225 0 41 1 1 0 0
-9 2 125 1 269 -9 -9 -9
0 -9 -9 0 7 10 86 0
0 0 0 0 125 13 -9 5
144 80 170 80 125 80 0 0
0 -9 13 13 -9 -9 -9 -9
-9 -9 -9 -9 -9 -9 -9 7
18 86 0 -9 -9 -9 -9 -9
-9 -9 -9 -9 -9 1 1 1
1 1 -9. -9. name
1226 0 65 1 1 1 1
-9 4 130 0 275 -9 -9 -9
0 -9 -9 1 12 20 86 0
0 0 0 0 25 3 2 2
115 100 150 80 130 80 1 0
1 2 27 27 -9 -9 -9 -9
-9 -9 -9 -9 -9 -9 -9 12
21 86 4 2 2 1 -9 2
-9 2 2 2 2 1 1 1
1 1 -9. -9. name
1227 0 51 1 1 1 1
-9 4 130 0 179 -9 -9 -9
0 1 -9 0 5 25 84 0
0 0 0 0 150 19 -9 7
100 46 160 92 130 80 0 0
0 -9 8 6 -9 -9 -9 -9
-9 -9 -9 7 2 1 -9 5
27 84 0 -9 -9 -9 -9 -9
-9 -9 -9 -9 -9 1 1 1
1 1 -9. -9. name
1228 0 40 0 1 1 1
-9 4 150 1 392 0 -9 -9
0 -9 0 0 4 16 84 0
0 0 0 0 75 9 8 5
130 92 200 100 150 80 0 0
2 2 24 20 -9 -9 -9 -9
-9 -9 -9 6 2 1 -9 4
17 84 2 -9 -9 2 -9 2
-9 -9 -9 -9 -9 1 1 1
1 1 -9. -9. name
1229 0 40 1 1 1 1
-9 4 120 0 466 -9 -9 -9
-9 -9 -9 0 4 25 84 0
0 0 0 0 150 17 15 7
152 70 200 98 120 80 1 0
1 2 16 11 -9 -9 -9 -9
-9 -9 -9 6 2 1 -9 4
30 84 1 -9 1 -9 -9 -9
-9 -9 -9 2 -9 1 1 1
7 2 -9. -9. name
1230 0 46 1 1 1 1
-9 4 118 0 186 -9 -9 -9
0 -9 -9 0 10 31 84 0
0 0 0 0 75 9 -9 5
124 74 160 84 118 78 0 0
0 -9 14 14 -9 -9 -9 -9
-9 -9 -9 7 2 1 -9 11
4 84 1 -9 -9 2 -9 -9
-9 -9 -9 -9 -9 1 1 1
1 1 -9. -9. name
1231 0 57 1 1 0 0
-9 2 140 1 260 -9 -9 -9
1 1 -9 0 3 27 85 0
0 0 0 0 100 12 -9 6
140 76 230 100 140 90 0 0
0 -9 11 10 -9 -9 -9 -9
-9 -9 -9 6 2 0 -9 3
30 85 0 -9 -9 -9 -9 -9
-9 -9 -9 -9 -9 1 1 1
1 1 -9. -9. name
1232 0 48 0 1 1 1
-9 4 120 0 254 -9 -9 -9
0 -9 -9 1 6 25 85 0
0 0 0 0 75 7 -9 4
110 73 140 80 120 80 0 0
0 -9 8 10 -9 -9 -9 -9
-9 -9 -9 -9 -9 -9 -9 7
2 85 0 -9 -9 -9 -9 -9
-9 -9 -9 -9 -9 1 1 1
1 1 -9. -9. name
1233 0 34 1 1 0 0
-9 2 150 0 214 -9 -9 -9
0 -9 -9 1 10 7 83 0
0 0 0 0 150 18 -9 7
168 98 200 60 150 90 0 0
0 -9 10 5 -9 -9 -9 -9
-9 -9 -9 -9 -9 -9 -9 10
8 83 0 -9 -9 -9 -9 -9
-9 -9 -9 -9 -9 1 1 1
1 1 -9. -9. name
1234 0 50 1 1 1 1
-9 4 140 1 129 -9 -9 -9
0 -9 -9 0 10 26 83 0
0 0 0 0 125 14 -9 6
135 78 184 90 140 80 0 0
0 -9 12 9 -9 -9 -9 -9
-9 -9 -9 -9 -9 -9 -9 10
27 83 0 1 -9 -9 -9 -9
1 -9 -9 -9 -9 1 1 1
1 1 -9. -9. name
1235 0 39 1 1 0 0
-9 2 190 0 241 -9 -9 -9
0 -9 -9 0 4 28 84 0
0 0 0 0 50 6 -9 2
106 90 190 100 190 100 0 0
0 -9 18 18 -9 -9 -9 -9
-9 -9 -9 -9 -9 -9 -9 4
30 84 0 -9 -9 -9 -9 -9
-9 -9 -9 -9 -9 1 1 1
1 1 -9. -9. name
1236 0 59 0 1 0 0
-9 2 130 1 188 -9 -9 -9
0 -9 -9 0 1 31 84 0
0 0 0 0 75 7 6 6
124 62 180 90 130 90 0 0
1 2 21 25 -9 -9 -9 -9
-9 -9 -9 -9 -9 -9 -9 2
1 84 0 -9 -9 -9 -9 -9
-9 -9 -9 -9 -9 1 1 1
1 1 -9. -9. name
1237 0 57 1 1 1 1
-9 4 150 1 255 -9 -9 -9
0 -9 -9 0 1 13 84 0
0 0 0 0 25 3 2 2
92 64 170 100 150 100 1 0
3 2 17 18 -9 -9 -9 -9
-9 -9 -9 -9 -9 -9 -9 1
14 84 2 -9 -9 2 2 2
-9 2 -9 -9 -9 1 1 1
1 1 -9. -9. name
1238 0 47 1 1 1 1
-9 4 140 1 276 -9 -9 -9
1 1 -9 0 5 27 86 0
0 0 0 0 100 11 -9 5
125 105 170 90 140 90 1 0
0 -9 14 13 -9 -9 -9 -9
-9 -9 -9 -9 -9 -9 -9 5
28 86 0 -9 1 -9 -9 -9
-9 -9 -9 -9 1 1 1 1
1 1 -9. -9. name
1239 0 38 1 1 0 0
-9 2 140 0 297 -9 -9 -9
0 -9 -9 0 5 28 86 0
0 0 0 0 125 15 -9 6
150 80 180 100 140 80 0 0
0 -9 20 18 -9 -9 -9 -9
-9 -9 -9 -9 -9 -9 -9 5
29 86 0 -9 -9 -9 -9 -9
-9 -9 -9 -9 -9 1 1 1
1 1 -9. -9. name
1240 0 49 0 1 0 1
-9 3 130 1 207 -9 -9 -9
0 1 -9 1 2 12 86 0
0 0 0 0 75 9 -9 5
135 70 190 100 130 80 0 0
0 -9 11 11 -9 -9 -9 -9
-9 -9 -9 -9 -9 -9 -9 2
14 86 0 -9 -9 -9 -9 -9
-9 -9 -9 -9 -9 1 1 1
1 1 -9. -9. name
1241 0 33 0 1 1 1
-9 4 100 0 246 -9 -9 -9
0 -9 -9 0 3 20 86 0
0 0 0 0 50 6 4.5 5
150 68 130 80 100 70 1 0
1 2 12 12 -9 -9 -9 -9
-9 -9 -9 -9 -9 -9 -9 3
26 86 1 -9 -9 2 -9 -9
-9 -9 -9 -9 -9 1 1 1
1 1 62. -9. name
1242 0 38 1 1 1 1
-9 4 120 0 282 -9 -9 -9
0 -9 -9 0 7 18 85 0
0 0 0 0 150 17 -9 9
170 68 174 90 120 80 0 0
0 -9 10 9 -9 -9 -9 -9
-9 -9 -9 -9 -9 -9 -9 7
20 85 1 -9 -9 -9 -9 -9
-9 2 -9 -9 -9 1 1 1
1 1 -9. -9. name
1243 0 59 0 1 1 1
-9 4 130 0 338 -9 -9 -9
1 1 -9 1 4 12 85 0
0 0 0 0 50 4 4 4
130 98 130 90 130 90 1 0
1.5 2 10 9 -9 -9 -9 -9
-9 -9 -9 -9 -9 -9 -9 4
16 85 1 -9 -9 -9 -9 -9
-9 1 -9 2 -9 1 1 1
1 2 -9. -9. name
1244 0 35 0 0 0 0
-9 1 120 0 160 -9 -9 -9
0 -9 -9 1 6 10 85 0
0 0 0 0 75 8 -9 6
185 110 160 90 120 80 0 0
0 -9 18 15 -9 -9 -9 -9
-9 -9 -9 -9 -9 -9 -9 6
16 85 0 -9 -9 -9 -9 -9
-9 -9 -9 -9 -9 1 1 1
1 1 -9. -9. name
1245 0 34 1 0 0 0
-9 1 140 0 156 -9 -9 -9
0 -9 -9 0 6 18 85 0
0 0 0 0 200 24 -9 10
180 76 200 90 140 90 0 0
0 -9 22 22 -9 -9 -9 -9
-9 -9 -9 -9 -9 -9 -9 6
17 85 1 -9 -9 -9 -9 -9
-9 2 -9 -9 -9 1 1 1
1 1 -9. -9. name
1246 0 47 0 1 0 1
-9 3 135 1 248 -9 -9 -9
1 1 -9 0 7 27 85 0
0 0 0 0 75 7 -9 5
170 110 200 100 135 100 0 0
0 -9 8 8 -9 -9 -9 -9
-9 -9 -9 -9 -9 -9 -9 7
29 85 3 -9 2 -9 -9 2
-9 -9 -9 2 -9 1 1 1
1 1 -9. -9. name
1247 0 52 0 1 0 0
-9 3 125 1 272 -9 -9 -9
0 -9 -9 0 8 16 85 0
0 0 0 0 100 11 -9 7
139 84 175 90 125 80 0 0
0 -9 12 11 -9 -9 -9 -9
-9 -9 -9 -9 -9 -9 -9 8
20 85 0 -9 -9 -9 -9 -9
-9 -9 -9 -9 -9 1 1 1
1 1 -9. -9. name
1248 0 46 1 1 1 1
-9 4 110 0 240 0 -9 -9
0 -9 -9 1 9 14 84 0
0 0 0 0 125 13 -9 5
140 98 170 80 110 90 0 0
0 -9 24 24 -9 -9 -9 -9
-9 -9 -9 3 0 0 -9 9
19 84 0 -9 -9 -9 -9 -9
-9 -9 -9 -9 -9 1 1 1
1 1 -9. -9. name
1249 0 58 0 1 0 0
-9 2 180 0 393 -9 -9 -9
0 -9 -9 0 6 10 86 0
0 0 0 0 75 7 5.5 6
110 78 220 110 180 90 1 0
1 2 -9 6 -9 -9 -9 -9
-9 -9 -9 7 1 0 -9 7
1 86 4 2 -9 -9 -9 -9
-9 -9 -9 2 -9 1 1 1
1 1 -9. -9. name
1118 0 58 1 1 0 0
-9 2 130 0 230 -9 -9 -9
0 -9 -9 0 9 26 84 0
0 0 0 0 100 12 -9 6
150 72 240 96 130 96 0 0
0 -9 15 13 -9 -9 -9 -9
-9 -9 -9 -9 -9 -9 -9 10
1 86 0 -9 -9 -9 1 -9
-9 -9 -9 -9 -9 1 1 1
1 1 -9. -9. name
1119 0 54 1 1 0 0
-9 2 120 0 246 -9 -9 -9
0 -9 -9 0 11 4 86 0
0 0 0 0 100 10 -9 9
110 64 145 80 120 80 0 0
0 -9 13 13 -9 -9 -9 -9
-9 -9 -9 -9 -9 -9 -9 11
25 86 0 -9 -9 1 -9 -9
-9 -9 -9 -9 -9 1 1 1
5 1 -9. -9. name
1120 0 34 0 1 0 0
-9 2 130 1 161 -9 -9 -9
0 -9 -9 0 7 15 86 0
0 0 0 0 100 10 -9 6
190 125 180 90 130 80 0 0
0 -9 13 12 -9 -9 -9 -9
-9 -9 -9 -9 -9 -9 -9 7
20 86 0 -9 -9 -9 -9 -9
-9 -9 -9 -9 -9 1 1 1
1 1 -9. -9. name
1121 0 48 0 1 1 0
-9 4 108 0 163 -9 -9 -9
0 -9 -9 0 10 13 86 0
0 0 0 0 100 12 10 6
175 80 220 90 108 70 0 0
2 1 20 20 -9 -9 -9 -9
-9 -9 -9 -9 -9 -9 -9 10
16 86 0 -9 -9 -9 -9 -9
-9 -9 -9 -9 -9 1 1 1
1 1 -9. -9. name
1122 0 54 0 1 0 0
-9 2 120 1 230 -9 -9 -9
1 -9 -9 0 4 29 86 0
0 0 0 0 50 6 -9 4
140 74 140 80 120 80 0 0
0 -9 15 15 -9 -9 -9 -9
-9 -9 -9 -9 -9 -9 -9 5
3 86 0 -9 -9 -9 -9 -9
-9 -9 -9 -9 -9 1 1 1
1 1 -9. -9. name
1123 0 42 1 1 0 1
-9 3 120 0 228 -9 -9 -9
0 -9 -9 0 11 18 86 0
0 0 0 0 125 14 12 7
152 64 228 100 120 84 1 0
1.5 2 15 13 -9 -9 -9 -9
-9 -9 -9 -9 -9 -9 -9 11
25 86 0 -9 1 1 -9 -9
-9 -9 -9 1 -9 1 1 1
1 1 -9. -9. name
1124 0 38 1 1 0 1
-9 3 145 1 292 -9 -9 -9
0 -9 -9 0 10 3 85 0
0 0 0 0 175 19 -9 9
130 78 235 120 145 100 0 0
0 -9 8 9 -9 -9 -9 -9
-9 -9 -9 -9 -9 -9 -9 10
10 85 0 -9 -9 -9 -9 -9
-9 -9 -9 -9 -9 1 1 1
1 1 -9. -9. name
1125 0 46 1 1 1 1
-9 4 110 0 202 -9 -9 -9
0 -9 -9 0 7 7 86 0
0 0 0 0 100 11 -9 6
150 98 220 120 110 70 1 0
0 -9 13 14 -9 -9 -9 -9
-9 -9 -9 -9 -9 -9 -9 7
10 86 1 -9 -9 -9 -9 2
-9 -9 -9 -9 -9 1 1 1
1 1 -9. -9. name
1126 0 56 1 1 1 1
-9 4 170 1 388 -9 -9 -9
0 -9 -9 1 6 8 84 0
0 0 0 0 -9 3 2.5 3
122 100 190 110 170 98 1 0
2 2 19 19 -9 -9 -9 -9
-9 -9 -9 -9 -9 -9 -9 6
15 84 3 1 2 2 -9 -9
-9 2 2 -9 2 1 1 1
1 2 -9. -9. name
1127 0 56 1 1 1 1
-9 4 150 0 230 -9 -9 -9
0 -9 -9 1 8 30 84 0
0 0 0 0 50 6 5 4
124 82 160 100 150 100 1 0
1.5 2 9 7 -9 -9 -9 -9
-9 -9 -9 -9 -9 -9 -9 9
6 84 3 -9 2 -9 -9 -9
-9 2 -9 -9 2 1 1 1
1 1 -9. -9. name
1128 0 61 0 1 1 1
-9 4 130 0 294 -9 -9 -9
0 -9 -9 1 3 22 85 0
0 1 0 0 50 4 4 4
120 96 170 90 130 80 1 0
1 2 9 9 -9 -9 -9 -9
-9 -9 -9 -9 -9 -9 -9 3
26 85 0 -9 -9 -9 -9 -9
-9 -9 -9 -9 -9 1 1 1
1 1 -9. -9. name
1129 0 49 1 1 0 1
-9 3 115 0 265 -9 -9 -9
0 -9 -9 0 10 11 85 0
0 0 0 0 150 16 -9 7
175 120 160 100 115 100 0 0
0 -9 14 15 -9 -9 -9 -9
-9 -9 -9 -9 -9 -9 -9 10
14 85 1 -9 -9 -9 1 2
-9 -9 -9 -9 -9 1 1 1
1 1 -9. -9. name
1130 0 43 0 1 0 0
-9 2 120 0 215 -9 -9 -9
0 -9 -9 1 5 7 85 0
0 0 0 0 75 8 -9 5
175 100 145 90 120 80 0 0
0 -9 9 10 -9 -9 -9 -9
-9 -9 -9 -9 -9 -9 -9 5
20 85 0 -9 -9 -9 -9 -9
-9 -9 -9 -9 -9 1 1 1
1 1 -9. -9. name
1131 0 39 1 1 0 0
-9 2 120 0 -9 -9 -9 -9
0 -9 -9 1 8 21 85 0
0 0 0 0 125 18 -9 7
146 84 210 100 120 80 0 0
2 1 28 30 -9 -9 -9 -9
-9 -9 -9 -9 -9 -9 -9 8
25 85 0 -9 -9 -9 -9 -9
-9 -9 -9 -9 -9 1 1 1
1 1 -9. -9. name
1132 0 54 1 1 1 1
-9 4 140 0 -9 -9 -9 -9
0 -9 -9 0 11 12 86 0
0 0 0 0 75 9 -9 5
118 64 180 100 140 96 1 0
0 -9 16 16 -9 -9 -9 -9
-9 -9 -9 -9 -9 -9 -9 11
17 86 2 -9 2 -9 2 2
-9 -9 -9 -9 -9 1 1 5
6 2 -9. -9. name
1132 0 43 1 1 1 1
-9 4 150 0 247 -9 -9 -9
0 -9 -9 0 2 21 86 0
0 0 0 0 75 9 8 5
130 70 190 110 150 90 1 0
2 2 22 22 -9 -9 -9 -9
-9 -9 -9 -9 -9 -9 -9 2
23 86 1 -9 2 -9 2 -9
-9 -9 -9 -9 -9 1 1 1
1 1 -9. -9. name
1133 0 52 1 1 1 1
-9 4 160 0 331 -9 -9 -9
0 -9 -9 0 3 24 86 0
0 0 0 0 50 5 3 3
94 72 190 90 160 50 1 0
2.5 -9 16 17 -9 -9 -9 -9
-9 -9 -9 -9 -9 -9 -9 3
30 86 4 2 2 -9 -9 2
-9 -9 -9 2 -9 1 1 1
1 1 72. -9. name
1134 0 50 1 1 1 1
-9 4 140 1 341 -9 -9 -9
0 -9 -9 1 5 17 85 0
0 0 0 0 25 2 -9 3
125 98 170 90 140 90 1 0
2.5 2 15 15 -9 -9 -9 -9
-9 -9 -9 -9 -9 -9 -9 5
30 85 4 2 2 -9 2 2
-9 2 2 2 -9 1 1 1
1 1 -9. -9. name
1135 0 47 1 1 1 1
-9 4 160 1 291 -9 -9 -9
0 -9 -9 1 7 19 84 0
0 0 0 0 25 2 2 2
158 86 140 82 160 106 1 0
3 2 20 17 -9 -9 -9 -9
-9 -9 -9 -9 -9 -9 -9 7
21 84 4 2 -9 -9 -9 -9
-9 -9 -9 -9 -9 1 1 1
1 1 -9 -9 name
1136 0 53 1 1 1 1
-9 4 140 0 243 -9 -9 -9
0 -9 -9 0 7 15 86 0
0 0 0 0 150 19 -9 9
155 95 190 90 140 80 0 0
0 -9 10 10 -9 -9 -9 -9
-9 -9 -9 -9 -9 -9 -9 7
13 86 0 -9 -9 -9 -9 -9
-9 -9 -9 -9 -9 1 1 1
1 1 -9. -9. name
1138 0 56 0 1 0 0
-9 2 120 0 279 -9 -9 -9
0 -9 -9 0 6 16 86 0
0 0 0 0 75 8 6 6
150 72 160 85 120 75 0 0
1 2 12 11 -9 -9 -9 -9
-9 -9 -9 -9 -9 -9 -9 6
20 86 3 -9 -9 2 -9 2
-9 -9 -9 2 -9 1 1 1
1 1 63. -9. name
1139 0 39 1 1 1 1
-9 4 110 0 273 -9 -9 -9
0 -9 -9 0 11 3 83 0
1 0 0 0 175 19 -9 9
132 62 180 100 110 80 0 0
0 -9 14 14 -9 -9 -9 -9
-9 -9 -9 -9 -9 -9 -9 11
1 83 0 -9 -9 -9 -9 -9
-9 -9 -9 -9 -9 1 1 1
1 1 -9. -9. name
1140 0 42 1 1 0 0
-9 2 120 0 198 -9 -9 -9
0 -9 -9 0 11 28 85 0
0 0 0 0 125 13 -9 7
155 75 200 110 120 80 0 0
0 -9 20 17 -9 -9 -9 -9
-9 -9 -9 -9 -9 -9 -9 12
5 85 0 -9 -9 -9 -9 -9
-9 -9 -9 -9 -9 1 1 1
1 1 -9. -9. name
1141 0 43 0 1 0 0
-9 2 120 0 249 -9 -9 -9
0 -9 -9 1 3 11 85 0
0 0 0 0 75 9 -9 6
176 92 180 80 120 90 0 0
0 -9 6 2 -9 -9 -9 -9
-9 -9 -9 -9 -9 -9 -9 3
16 85 0 -9 -9 -9 -9 -9
-9 -9 -9 -9 -9 1 1 1
1 1 -9. -9. name
1142 0 50 1 1 0 0
-9 2 120 0 168 -9 -9 -9
0 -9 -9 0 5 22 85 0
0 0 0 0 125 14 -9 9
160 98 160 100 120 80 0 0
0 -9 13 13 0 -9 -9 -9
-9 -9 -9 -9 -9 -9 -9 5
25 85 0 -9 -9 -9 -9 1
-9 -9 -9 -9 -9 1 1 1
1 1 -9. -9. name
1143 0 54 1 1 1 1
-9 4 130 1 603 -9 -9 -9
1 -9 -9 0 9 26 86 0
0 0 0 0 125 18 17.5 5
125 68 160 90 130 80 1 0
1 2 4 3 -9 -9 -9 -9
-9 -9 -9 -9 -9 -9 -9 9
30 86 2 -9 -9 2 -9 2
-9 -9 -9 -9 -9 1 1 1
1 1 -9. -9. name
1144 0 39 1 1 0 0
-9 2 130 0 -9 -9 -9 -9
0 -9 -9 0 3 3 86 0
0 0 0 0 125 13 -9 9
120 62 150 80 130 80 0 0
0 -9 25 25 -9 -9 -9 -9
-9 -9 -9 -9 -9 -9 -9 9
10 86 0 -9 -9 -9 -9 -9
-9 -9 -9 -9 -9 1 1 1
1 1 -9. -9. name
1145 0 48 1 1 0 0
-9 2 100 0 -9 0 -9 -9
0 -9 -9 0 12 11 86 0
0 0 0 0 125 14 -9 7
100 57 130 70 100 70 0 0
0 -9 13 11 -9 -9 -9 -9
-9 -9 -9 -9 -9 -9 -9 12
16 86 0 -9 -9 -9 -9 -9
-9 -9 -9 -9 -9 1 1 1
1 1 -9. -9. name
1146 0 40 1 1 0 0
-9 2 130 1 275 -9 -9 -9
0 -9 -9 0 12 8 86 0
0 0 0 0 150 19 -9 7
150 75 190 95 130 80 0 0
0 -9 12 12 -9 -9 -9 -9
-9 -9 -9 -9 -9 -9 -9 12
12 86 0 -9 -9 -9 -9 -9
-9 -9 -9 -9 -9 1 1 1
1 1 -9. -9. name
1147 0 55 1 1 1 1
-9 4 120 0 270 -9 -9 -9
0 -9 -9 0 12 1 86 0
0 0 0 0 100 12 -9 5
140 76 190 100 120 80 0 0
0 -9 15 15 -9 -9 -9 -9
-9 -9 -9 -9 -9 -9 -9 12
8 86 0 -9 -9 -9 -9 -9
-9 -9 -9 -9 -9 1 1 1
1 1 -9. -9. name
1148 0 41 1 1 0 0
-9 2 120 1 291 -9 -9 -9
0 -9 -9 1 2 24 86 0
0 0 0 0 -9 12 -9 5
160 88 200 104 120 80 0 0
0 -9 10 9 -9 -9 -9 -9
-9 -9 -9 -9 -9 -9 -9 2
30 86 0 -9 -9 -9 -9 -9
-9 -9 -9 -9 -9 1 1 1
1 1 -9. -9. name
1149 0 56 1 1 1 1
-9 4 155 1 342 -9 -9 -9
1 1 -9 0 7 15 86 0
0 0 0 0 75 7 5.5 4
150 90 220 110 155 100 1 0
3 2 14 4 -9 -9 -9 -9
-9 -9 -9 -9 -9 -9 -9 7
22 86 4 2 -9 -9 -9 -9
-9 -9 -9 -9 -9 1 1 1
5 1 -9. -9. name
1150 0 38 1 1 1 1
-9 4 110 0 -9 -9 -9 -9
0 -9 -9 0 10 15 86 0
0 0 0 0 100 12 10 5
150 93 160 80 110 70 1 0
1 2 20 23 -9 -9 -9 -9
-9 -9 -9 -9 -9 -9 -9 10
20 86 2 -9 2 -9 2 -9
-9 -9 -9 2 -9 1 1 1
1 1 -9. -9. name
1151 0 49 1 1 1 1
-9 4 140 1 -9 -9 -9 -9
0 -9 -9 0 5 20 86 0
0 0 1 0 100 11 -9 5
130 92 170 95 140 90 0 0
0 -9 6 8 -9 -9 -9 -9
-9 -9 -9 -9 -9 -9 -9 5
25 86 0 -9 -9 -9 -9 -9
-9 -9 -9 -9 -9 1 1 1
1 1 -9. -9. name
1152 0 44 1 1 1 1
-9 4 130 0 290 -9 -9 -9
0 -9 -9 0 9 6 85 0
0 0 0 0 50 4 3 3
100 75 170 100 130 100 1 0
2 2 16 16 -9 -9 -9 -9
-9 -9 -9 -9 -9 -9 -9 9
10 85 3 -9 2 2 -9 -9
2 -9 -9 -9 2 1 1 1
8 1 -9. -9. name
1153 0 54 1 1 0 0
-9 2 160 1 195 -9 -9 -9
0 -9 -9 1 7 23 85 0
0 0 0 0 100 10 10 7
130 76 180 90 160 90 0 0
1 1 11 11 -9 -9 -9 -9
-9 -9 -9 -9 -9 -9 -9 7
26 85 0 -9 -9 -9 -9 -9
-9 -9 -9 -9 -9 1 1 1
1 1 -9. -9. name
1154 0 59 1 1 1 1
-9 4 140 0 264 -9 -9 -9
1 -9 -9 2 4 26 84 0
0 0 0 0 125 18 -9 6
119 56 194 100 140 90 1 0
0 -9 14 20 -9 -9 -9 -9
-9 -9 -9 -9 -9 -9 -9 5
3 84 3 -9 2 -9 -9 2
-9 -9 -9 2 -9 1 1 1
7 1 -9. -9. name
1155 0 49 1 1 1 1
-9 4 128 0 212 -9 -9 -9
0 -9 -9 0 5 30 84 0
1 1 1 0 75 7 -9 5
96 56 170 80 128 80 1 0
0 -9 13 16 -9 -9 -9 -9
-9 -9 -9 -9 -9 -9 -9 6
3 84 4 2 2 -9 -9 2
-9 -9 -9 2 -9 1 1 1
1 1 -9. -9. name
1156 0 47 1 1 0 0
-9 2 160 0 263 -9 -9 -9
0 -9 -9 0 12 5 84 0
0 0 0 0 125 14 -9 9
174 72 196 70 160 80 0 0
0 -9 23 20 -9 -9 -9 -9
-9 -9 -9 -9 -9 -9 -9 12
10 84 0 -9 -9 -9 -9 -9
-9 -9 -9 -9 -9 1 1 1
1 1 -9. -9. name
1157 0 49 0 1 0 0
-9 2 110 0 -9 -9 -9 -9
0 -9 -9 0 3 7 86 0
0 0 0 0 125 13 -9 9
160 70 160 90 110 70 0 0
0 -9 10 10 -9 -9 -9 -9
-9 -9 -9 -9 -9 -9 -9 3
12 86 0 -9 -9 -9 -9 -9
-9 -9 -9 -9 -9 1 1 1
1 1 -9. -9. name
1158 0 42 1 1 0 0
-9 2 120 0 196 -9 -9 -9
0 -9 -9 0 10 16 86 0
0 0 0 0 125 13 -9 7
150 100 190 118 120 80 0 0
0 -9 15 15 -9 -9 -9 -9
-9 -9 -9 -9 -9 -9 -9 10
20 86 0 -9 -9 -9 -9 -9
-9 -9 -9 -9 -9 1 1 1
1 1 -9. -9. name
1159 0 52 0 1 0 0
-9 2 140 1 -9 -9 -9 -9
0 -9 -9 0 10 15 86 0
0 0 0 0 100 11 -9 7
140 55 200 100 140 90 0 0
0 -9 15 15 -9 -9 -9 -9
-9 -9 -9 -9 -9 -9 -9 10
20 86 0 -9 -9 -9 -9 -9
-9 -9 -9 -9 -9 1 1 1
1 1 -9. -9. name
1160 0 46 1 0 0 0
-9 1 140 0 272 -9 -9 -9
1 -9 -9 0 7 15 86 0
0 0 0 0 125 13 12 7
175 68 200 115 140 90 0 0
2 2 14 16 -9 -9 -9 -9
-9 -9 -9 -9 -9 -9 -9 7
25 86 3 -9 -9 2 -9 2
-9 -9 -9 2 -9 1 1 1
1 1 -9. -9. name
1161 0 50 1 1 1 1
-9 4 140 0 231 -9 -9 -9
0 -9 -9 1 7 17 86 0
0 0 0 0 100 10 8 7
140 65 170 105 140 80 1 0
5 2 23 27 -9 -9 -9 -9
-9 -9 -9 -9 -9 -9 -9 7
25 86 4 2 -9 -9 -9 2
-9 -9 -9 2 -9 1 1 1
1 1 -9. -9. name
1162 0 48 1 1 0 0
-9 2 140 0 238 -9 -9 -9
0 -9 -9 0 8 1 86 0
0 0 0 0 75 9 -9 4
118 86 190 90 140 90 0 0
0 -9 7 6 -9 -9 -9 -9
-9 -9 -9 -9 -9 -9 -9 8
8 86 0 -9 -9 -9 -9 -9
-9 -9 -9 -9 -9 1 1 1
1 1 -9. -9. name
1163 0 58 1 1 1 1
-9 4 135 0 222 -9 -9 -9
0 -9 -9 0 6 21 85 0
0 1 1 0 25 2 -9 2
100 90 135 80 135 80 0 0
0 -9 18 18 -9 -9 -9 -9
-9 -9 -9 -9 -9 -9 -9 6
26 85 0 -9 -9 -9 -9 -9
-9 -9 -9 -9 -9 1 1 1
1 1 -9. -9. name
1164 0 58 1 1 0 1
-9 3 140 0 179 -9 -9 -9
0 -9 -9 0 8 7 84 0
0 0 0 0 50 6 -9 5
160 112 180 80 140 90 0 0
0 -9 9 9 -9 -9 -9 -9
-9 -9 -9 -9 -9 -9 -9 8
8 84 0 -9 -9 -9 -9 -9
-9 1 -9 -9 -9 1 1 1
1 2 -9. -9. name
1165 0 29 1 1 0 0
-9 2 120 0 243 -9 -9 -9
0 -9 -9 0 7 20 83 0
0 0 0 0 125 15 -9 7
160 80 180 86 120 82 0 0
0 -9 25 20 -9 -9 -9 -9
-9 -9 -9 -9 -9 -9 -9 7
25 83 0 -9 -9 -9 -9 -9
-9 -9 -9 -9 -9 1 1 1
1 1 -9. -9. name
1166 0 40 1 1 0 0
-9 3 140 1 -9 1 60 -9
0 -9 -9 0 5 9 83 0
0 0 0 0 150 17 -9 9
188 96 216 118 140 88 0 0
0 -9 23 20 -9 -9 -9 -9
-9 -9 -9 -9 -9 -9 -9 5
11 83 0 -9 -9 -9 -9 -9
-9 -9 -9 -9 -9 1 1 1
1 1 -9. -9. name
1167 0 53 1 1 0 0
-9 2 140 0 320 -9 -9 -9
0 -9 -9 0 4 28 83 0
0 0 0 0 100 11 -9 9
162 58 200 90 140 90 0 0
0 -9 23 19 -9 -9 -9 -9
-9 -9 -9 -9 -9 -9 -9 3
30 83 0 -9 -9 -9 -9 -9
-9 -9 -9 -9 -9 1 1 1
1 1 -9. -9. name
1168 0 49 1 1 0 1
-9 3 140 1 187 -9 -9 -9
0 1 -9 0 11 30 84 0
0 0 0 0 125 15 -9 7
172 73 180 90 140 96 0 0
0 -9 5 3 -9 -9 -9 -9
-9 -9 -9 -9 -9 -9 -9 12
2 84 0 -9 -9 -9 -9 -9
-9 -9 -9 -9 -9 1 1 1
1 1 -9. -9. name
1169 0 52 1 1 1 1
-9 4 140 0 266 -9 -9 -9
0 -9 -9 0 12 17 84 0
0 0 0 0 75 7 6 4
134 100 180 90 140 90 1 0
2 2 12 10 -9 -9 -9 -9
-9 -9 -9 -9 -9 -9 -9 12
20 84 4 2 2 -9 -9 2
-9 -9 -9 -9 -9 1 1 1
1 1 -9. -9. name
1170 0 43 1 1 1 1
-9 4 140 0 288 -9 -9 -9
0 -9 -9 0 8 16 84 0
0 0 0 0 125 14 13 6
135 58 230 90 140 90 1 0
2 2 22 20 -9 -9 -9 -9
-9 -9 -9 -9 -9 -9 -9 8
18 84 4 2 -9 -9 2 1
-9 -9 -9 -9 2 1 1 1
1 1 -9. -9. name
1171 0 54 1 1 1 1
-9 4 140 0 216 -9 -9 -9
0 -9 -9 0 6 19 85 0
0 1 1 0 100 12 11 6
105 54 180 90 140 90 0 0
1.5 2 21 21 -9 -9 -9 -9
-9 -9 -9 -9 -9 -9 -9 6
20 85 3 -9 -9 2 -9 2
-9 -9 -9 2 -9 1 1 1
1 1 -9. -9. name
1172 0 59 1 1 0 0
-9 2 140 1 287 -9 -9 -9
0 -9 -9 0 9 7 84 0
0 0 0 0 50 6 -9 -9
150 124 220 100 140 90 0 0
0 -9 9 9 -9 -9 -9 -9
-9 -9 -9 -9 -9 -9 -9 9
9 84 0 -9 -9 -9 -9 -9
-9 -9 -9 -9 -9 1 1 1
1 1 -9. -9. name
1173 0 37 1 1 0 1
-9 3 130 0 194 -9 -9 -9
0 -9 -9 0 3 28 85 0
0 0 0 0 125 13 -9 10
150 75 160 90 130 90 0 0
0 -9 11 11 -9 -9 -9 -9
-9 -9 -9 -9 -9 -9 -9 3
30 85 0 -9 -9 -9 -9 -9
-9 -9 -9 -9 -9 1 1 1
1 1 -9. -9. name
1174 0 46 0 1 1 1
-9 4 130 0 238 -9 -9 -9
0 -9 -9 0 6 24 85 0
0 0 0 0 25 2 -9 2
90 80 130 90 130 90 0 0
0 -9 10 10 -9 -9 -9 -9
-9 -9 -9 -9 -9 -9 -9 6
30 85 0 -9 -9 -9 -9 -9
-9 -9 -9 -9 -9 1 1 1
1 1 -9. -9. name
1175 0 52 1 1 1 1
-9 4 130 0 225 0 -9 -9
0 -9 -9 0 3 3 86 0
0 0 0 0 50 5 3.5 3
120 90 160 90 130 80 1 0
2 2 12 12 -9 -9 -9 -9
-9 -9 -9 -9 -9 -9 -9 3
3 86 1 -9 2 -9 2 -9
-9 -9 -9 -9 -9 1 1 1
1 1 -9. -9. name
1176 0 51 1 1 0 0
-9 2 130 1 224 0 -9 -9
0 -9 -9 0 2 24 86 0
0 0 0 0 150 19 -9 7
150 84 180 100 130 80 0 0
0 -9 14 14 -9 -9 -9 -9
-9 -9 -9 -9 -9 -9 -9 2
30 86 0 -9 -9 -9 -9 -9
-9 -9 -9 -9 -9 1 1 1
1 1 -9. -9. name
1177 0 52 1 1 1 1
-9 4 140 0 404 -9 -9 -9
0 -9 -9 0 2 4 85 0
0 0 0 0 -9 4.5 4 4
124 78 170 80 140 80 1 0
2 2 3 5 -9 -9 -9 -9
-9 -9 -9 -9 -9 -9 -9 2
8 85 3 -9 2 -9 -9 2
-9 -9 -9 2 -9 1 1 1
1 1 -9. -9. name
1178 0 46 1 1 1 1
-9 4 110 0 238 -9 -9 -9
0 -9 -9 1 9 14 84 0
0 0 0 0 125 13 12 5
140 98 170 80 110 90 1 0
1 2 24 24 -9 -9 -9 -9
-9 -9 -9 3 0 0 -9 9
15 84 0 -9 -9 -9 -9 -9
-9 -9 -9 -9 -9 1 1 1
1 1 -9. -9. name
1059 0 54 0 1 0 0
-9 2 160 0 312 -9 -9 -9
0 -9 -9 0 7 19 85 0
0 0 0 0 25 3 -9 3
130 80 180 110 160 100 0 0
0 -9 14 14 -9 -9 -9 -9
-9 -9 -9 -9 -9 -9 -9 7
22 85 0 -9 -9 -9 -9 -9
-9 -9 -9 -9 -9 1 1 1
1 1 -9. -9. name
1060 0 58 1 1 0 1
-9 3 160 0 211 -9 -9 -9
1 1 -9 1 7 4 85 0
0 0 0 0 -9 3 -9 2
92 67 190 115 160 90 0 0
0 -9 13 13 -9 -9 -9 -9
-9 -9 -9 -9 -9 -9 -9 7
10 85 2 -9 -9 -9 -9 2
-9 -9 -9 -9 2 1 1 1
5 1 -9. -9. name
1061 0 58 1 1 0 0
-9 2 130 1 251 -9 -9 -9
0 1 -9 0 6 13 85 0
0 0 0 0 100 12 -9 5
110 58 220 120 130 80 0 0
0 -9 4 6 -9 -9 -9 -9
-9 -9 -9 -9 -9 -9 -9 6
16 85 0 -9 -9 1 -9 -9
-9 -9 -9 1 -9 1 1 1
1 1 -9. -9. name
1062 0 41 1 1 1 1
-9 4 120 0 237 -9 -9 -9
-9 -9 -9 0 6 7 85 0
0 0 0 0 125 14 12 7
138 73 185 90 120 80 1 0
1 2 5 6 -9 -9 -9 -9
-9 -9 -9 -9 -9 -9 -9 6
14 85 1 -9 -9 -9 -9 2
-9 -9 -9 -9 -9 1 1 1
1 1 -9. -9. name
1063 0 50 0 1 1 0
-9 4 120 1 328 -9 -9 -9
0 -9 -9 0 5 30 85 0
1 1 0 0 75 8 8 6
110 68 160 90 120 80 1 0
1 2 12 12 -9 -9 -9 -9
-9 -9 -9 -9 -9 -9 -9 6
2 85 0 -9 -9 -9 -9 -9
-9 -9 -9 -9 -9 1 1 1
1 1 -9. -9. name
1064 0 53 1 1 1 1
-9 4 180 1 285 -9 -9 -9
0 -9 -9 1 5 24 85 0
0 0 0 0 75 9 7.5 5
120 67 210 108 180 100 1 0
1.5 2 15 15 -9 -9 -9 -9
-9 -9 -9 -9 -9 -9 -9 5
30 85 3 -9 2 -9 -9 -9
-9 2 -9 2 -9 1 1 1
1 1 -9. -9. name
1065 0 46 1 1 1 1
-9 4 180 1 280 -9 -9 -9
0 -9 -9 1 5 21 85 0
0 0 0 0 100 11 -9 5
120 67 210 108 180 100 0 0
0 -9 17 13 -9 -9 -9 -9
-9 -9 -9 -9 -9 -9 -9 5
26 85 0 -9 -9 -9 -9 -9
1 -9 -9 -9 -9 1 1 1
1 1 -9. -9. name
1066 0 50 1 1 0 0
-9 2 170 1 209 -9 -9 -9
0 -9 -9 1 4 26 85 0
0 0 0 0 75 8 -9 5
116 85 220 134 170 104 0 0
0 -9 4 7 -9 -9 -9 -9
-9 -9 -9 -9 -9 -9 -9 4
30 85 0 -9 -9 -9 -9 -9
-9 -9 -9 -9 -9 1 1 1
1 1 -9. -9. name
1067 0 48 1 1 0 0
-9 2 130 0 245 -9 -9 -9
0 -9 -9 0 2 21 86 0
0 0 0 0 100 10 -9 5
160 97 160 95 130 75 0 0
0 -9 14 16 -9 -9 -9 -9
-9 -9 -9 -9 -9 -9 -9 2
26 86 0 -9 -9 -9 -9 -9
-9 -9 -9 -9 -9 1 1 1
1 1 54. -9. name
1068 0 45 1 1 0 1
-9 3 135 1 -9 -9 -9 -9
0 -9 -9 0 4 25 86 0
0 0 0 0 125 18 -9 6
110 66 190 90 135 90 0 0
0 -9 18 19 -9 -9 -9 -9
-9 -9 -9 -9 -9 -9 -9 4
28 86 0 -9 -9 -9 -9 -9
-9 -9 -9 -9 -9 1 1 1
1 1 -9. -9. name
1069 0 41 0 1 0 0
-9 2 125 0 184 -9 -9 -9
0 -9 -9 0 1 28 85 0
0 0 0 0 75 9 -9 4
180 98 190 90 125 80 0 0
0 -9 19 17 -9 -9 -9 -9
-9 -9 -9 -9 -9 -9 -9 1
31 85 0 -9 -9 -9 -9 -9
-9 -9 -9 -9 -9 1 1 1
1 1 -9. -9. name
1070 0 62 0 0 0 0
-9 1 160 0 193 -9 -9 -9
0 -9 -9 0 1 31 85 0
0 0 0 0 75 7 -9 3
116 74 240 90 160 80 0 0
0 -9 17 17 -9 -9 -9 -9
-9 -9 -9 -9 -9 -9 -9 2
10 85 0 -9 -9 -9 -9 -9
-9 -9 -9 -9 -9 1 1 1
1 1 -9. -9. name
1071 0 49 1 1 1 1
-9 4 120 0 297 -9 -9 -9
-9 -9 -9 0 2 9 84 0
0 0 0 0 100 12 10 5
132 88 190 100 120 86 0 0
1 2 12 11 -9 -9 -9 -9
-9 -9 -9 -9 -9 -9 -9 2
12 84 0 -9 -9 1 -9 -9
-9 -9 -9 -9 -9 1 1 1
1 1 -9. -9. name
1072 0 42 1 1 0 0
-9 2 150 1 268 -9 -9 -9
0 -9 -9 0 1 27 84 0
0 0 0 0 100 12 -9 5
136 96 220 90 150 100 0 0
0 -9 25 20 -9 -9 -9 -9
-9 -9 -9 -9 -9 -9 -9 1
29 84 0 -9 -9 -9 -9 -9
-9 -9 -9 -9 -9 1 1 1
1 1 -9. -9. name
1073 0 53 1 1 1 1
-9 4 120 0 246 -9 -9 -9
0 -9 -9 0 12 10 84 0
0 0 0 0 75 9 -9 5
116 74 174 80 120 70 1 0
0 -9 16 16 -9 -9 -9 -9
-9 -9 -9 -9 -9 -9 -9 12
16 84 2 -9 -9 2 -9 -9
-9 -9 -9 2 -9 1 1 1
1 1 -9. -9. name
1074 0 57 0 0 0 0
-9 1 130 1 308 -9 -9 -9
0 -9 -9 0 11 29 84 0
0 0 0 0 75 9 8 2
98 68 172 90 130 80 0 0
1 2 15 14 -9 -9 -9 -9
-9 -9 -9 -9 -9 -9 -9 11
30 84 0 -9 -9 -9 -9 -9
-9 -9 -9 -9 -9 1 1 1
1 1 -9. -9. name
1076 0 47 1 0 0 0
-9 1 110 0 249 -9 -9 -9
0 -9 -9 0 6 14 84 0
0 0 0 0 125 14 -9 9
150 68 200 80 110 70 0 0
0 -9 12 9 -9 -9 -9 -9
-9 -9 -9 -9 -9 -9 -9 6
17 84 0 -9 -9 -9 -9 -9
-9 -9 -9 -9 -9 1 1 1
1 1 -9. -9. name
1077 0 46 1 1 0 1
-9 3 120 0 230 -9 -9 -9
0 -9 -9 0 11 29 85 0
0 0 0 0 125 14 -9 9
150 71 220 80 120 80 0 0
0 -9 17 19 -9 -9 -9 -9
-9 -9 -9 -9 -9 -9 -9 12
6 85 0 -9 -9 1 -9 -9
-9 -9 -9 -9 -9 1 1 1
1 1 -9. -9. name
1078 0 42 1 1 0 1
-9 3 160 0 147 -9 -9 -9
0 -9 -9 0 2 9 84 0
0 0 0 0 175 19 -9 9
146 81 170 100 160 90 0 0
0 -9 14 13 -9 -9 -9 -9
-9 -9 -9 -9 -9 -9 -9 2
10 84 0 -9 -9 -9 -9 -9
-9 -9 -9 -9 -9 1 1 1
1 1 -9. -9. name
1079 0 31 0 1 0 0
-9 2 100 0 219 -9 -9 -9
0 -9 -9 1 11 29 85 0
1 0 0 0 100 11 -9 9
150 75 120 100 100 70 0 0
0 -9 15 19 -9 -9 -9 -9
-9 -9 -9 -9 -9 -9 -9 12
4 85 0 -9 -9 -9 -9 -9
-9 -9 -9 -9 -9 1 1 1
1 1 -9. -9. name
1080 0 56 1 1 0 0
-9 2 130 0 184 -9 -9 -9
0 -9 -9 0 3 13 85 0
0 0 0 0 50 4 -9 4
100 62 170 100 130 90 0 0
0 -9 12 11 -9 -9 -9 -9
-9 -9 -9 -9 -9 -9 -9 9
20 85 0 -9 -9 -9 -9 -9
-9 -9 -9 -9 -9 1 1 1
1 1 -9. -9. name
1081 0 50 1 1 1 1
-9 4 150 0 215 -9 -9 -9
0 -9 -9 0 3 26 85 0
0 0 0 0 125 18 -9 6
140 80 160 100 150 80 1 0
0 -9 5 4 -9 -9 -9 -9
-9 -9 -9 -9 -9 -9 -9 3
30 85 0 -9 -9 -9 -9 -9
-9 -9 -9 -9 -9 1 1 1
1 1 -9. -9. name
1082 0 35 1 1 0 0
-9 2 120 0 308 -9 -9 -9
0 -9 -9 2 3 23 85 0
0 0 0 0 150 19 -9 9
180 94 180 110 120 80 0 0
0 -9 10 11 -9 -9 -9 -9
-9 -9 -9 -9 -9 -9 -9 3
30 85 0 -9 -9 -9 -9 -9
-9 -9 -9 -9 -9 1 1 1
1 1 -9. -9. name
1083 0 35 1 1 0 0
-9 2 110 0 257 -9 -9 -9
0 -9 -9 0 11 18 85 0
0 0 0 0 125 14 -9 9
140 73 170 95 110 70 0 0
0 -9 16 14 -9 -9 -9 -9
-9 -9 -9 -9 -9 -9 -9 11
22 85 1 -9 -9 -9 -9 2
-9 -9 -9 -9 -9 1 1 1
1 1 -9. -9. name
1084 0 28 1 0 0 0
-9 2 130 0 132 -9 -9 -9
0 -9 -9 2 3 8 85 0
0 0 0 0 175 20 -9 10
185 72 190 90 130 70 0 0
0 -9 24 18 -9 -9 -9 -9
-9 -9 -9 -9 -9 -9 -9 3
15 85 0 -9 -9 -9 -9 -9
-9 -9 -9 -9 -9 1 1 1
1 1 -9. -9. name
1085 0 54 1 1 1 1
-9 4 125 1 216 -9 -9 -9
0 -9 -9 0 10 23 85 0
1 1 1 0 150 18 -9 7
140 67 215 90 125 80 0 0
0 -9 14 12 -9 -9 -9 -9
-9 -9 -9 -9 -9 -9 -9 10
25 85 1 -9 2 -9 -9 -9
-9 -9 -9 -9 -9 1 1 1
1 1 -9. -9. name
1086 0 48 1 1 1 1
-9 4 106 0 263 -9 -9 -9
1 1 -9 0 7 26 85 0
1 1 0 0 100 11 -9 5
110 67 180 90 106 80 0 0
0 -9 6 7 -9 -9 -9 -9
-9 -9 -9 -9 -9 -9 -9 7
30 85 1 -9 -9 1 -9 2
-9 -9 -9 -9 -9 1 1 1
1 1 -9. -9. name
1087 0 50 0 0 0 0
-9 3 140 1 288 -9 -9 -9
0 -9 -9 0 2 24 86 0
0 0 0 0 75 8 -9 5
140 115 200 100 140 100 1 0
0 -9 14 13 -9 -9 -9 -9
-9 -9 -9 7 2 -9 -9 3
5 86 1 -9 -9 -9 -9 -9
-9 -9 -9 -9 2 1 1 1
1 1 -9. -9. name
1088 0 56 1 1 0 0
-9 3 130 0 276 -9 -9 -9
0 -9 -9 0 11 3 86 0
0 0 0 0 75 8 -9 4
128 100 188 94 130 82 1 -9
1 1 13 15 -9 -9 -9 -9
-9 -9 -9 6 1 -9 -9 11
5 86 0 -9 -9 -9 -9 -9
-9 -9 -9 -9 -9 1 1 1
1 1 -9. -9. name
1089 0 56 0 1 0 1
-9 3 130 0 219 -9 -9 -9
-9 -9 -9 1 4 30 85 0
0 0 0 0 100 10 -9 7
164 108 190 90 130 84 0 0
0 -9 7 7 -9 -9 -9 -9
-9 -9 -9 7 1 -9 -9 4
20 85 0 -9 -9 -9 -9 -9
-9 -9 -9 -9 -9 1 1 1
1 1 -9. -9. name
1090 0 47 1 1 1 1
-9 4 150 1 226 -9 -9 -9
0 -9 -9 0 4 18 85 0
0 0 0 0 75 9 7.5 4
98 56 130 80 150 90 1 0
1.5 2 13 14 0 -9 -9 -9
-9 -9 -9 7 2 -9 -9 4
20 85 1 -9 -9 2 2 -9
-9 -9 -9 -9 -9 1 1 4
5 1 -9. -9. name
1092 0 30 0 0 0 0
-9 1 170 0 237 -9 -9 -9
0 -9 -9 1 7 28 86 0
0 0 0 0 100 10 -9 9
170 125 140 80 170 80 0 0
0 -9 11 9 -9 -9 -9 -9
-9 -9 -9 6 1 -9 -9 7
30 86 0 -9 -9 -9 -9 -9
-9 -9 -9 -9 -9 1 1 1
1 1 -9. -9. name
1093 0 39 1 1 1 1
-9 4 110 0 280 -9 -9 -9
0 -9 -9 0 1 13 86 0
1 1 1 0 100 12 -9 5
150 80 140 90 110 70 0 0
0 -9 16 18 -9 -9 -9 -9
-9 -9 -9 6 1 -9 -9 1
13 86 2 -9 -9 -9 -9 -9
2 -9 -9 2 -9 1 1 1
7 1 -9. -9. name
1094 0 54 1 1 0 0
-9 3 120 0 217 -9 -9 -9
0 -9 -9 0 11 26 85 0
0 0 0 0 125 13 -9 7
137 68 180 98 120 80 0 0
0 -9 13 13 -9 -9 -9 -9
-9 -9 -9 -9 -9 -9 -9 11
28 85 0 -9 -9 -9 -9 -9
-9 -9 -9 -9 -9 1 1 1
1 1 -9. -9. name
1095 0 55 1 1 0 0
-9 2 140 1 196 -9 -9 -9
0 -9 -9 0 2 12 86 0
0 0 0 0 75 8 -9 3
150 105 200 95 140 90 0 0
0 -9 8 8 -9 -9 -9 -9
-9 -9 -9 7 2 -9 -9 2
17 86 0 -9 -9 -9 -9 -9
-9 -9 -9 -9 -9 1 1 1
1 1 59. -9. name
1096 0 29 1 1 0 0
-9 2 140 0 -9 -9 -9 -9
0 -9 -9 0 1 28 85 0
0 0 0 0 175 20 -9 9
170 85 196 90 140 96 0 0
0 -9 14 10 -9 -9 -9 -9
-9 -9 -9 -9 -9 -9 -9 1
30 85 0 -9 -9 -9 -9 -9
-9 -9 -9 -9 -9 1 1 1
1 1 -9. -9. name
1097 0 46 1 1 1 0
-9 4 130 0 222 -9 -9 -9
0 -9 -9 0 3 27 85 0
0 0 0 0 75 7 -9 5
112 72 170 80 130 80 0 0
0 -9 18 18 -9 -9 -9 -9
-9 -9 -9 -9 -9 -9 -9 3
30 85 2 -9 -9 2 -9 -9
-9 -9 -9 1 2 1 1 3
8 1 -9. -9. name
1098 0 51 0 1 1 1
-9 4 160 1 303 -9 -9 -9
0 -9 -9 0 5 20 85 0
0 0 0 0 50 4 4 4
150 84 190 110 160 95 1 0
1 2 17 15 -9 -9 -9 -9
-9 -9 -9 -9 -9 -9 -9 5
25 85 1 -9 2 -9 -9 -9
-9 -9 -9 -9 -9 1 1 1
1 1 -9. -9. name
1099 0 48 0 1 0 0
-9 3 120 0 195 -9 -9 -9
0 -9 -9 0 11 19 85 0
0 0 0 0 100 10 -9 7
125 75 180 100 120 70 0 0
0 -9 6 6 -9 -9 -9 -9
-9 -9 -9 -9 -9 -9 -9 11
23 85 0 -9 -9 -9 -9 -9
-9 -9 -9 -9 -9 1 1 1
1 1 -9. -9. name
1100 0 33 1 0 0 1
-9 3 120 0 298 -9 -9 -9
0 -9 -9 0 6 18 86 0
0 0 0 0 100 12 -9 6
185 90 190 100 120 85 0 0
0 -9 18 20 -9 -9 -9 -9
0 -9 -9 -9 -9 -9 -9 6
25 86 0 -9 -9 -9 -9 -9
-9 -9 -9 -9 -9 1 1 1
1 1 68. -9. name
1101 0 55 1 0 0 0
-9 2 120 1 256 -9 -9 -9
1 1 -9 0 7 8 86 0
0 0 0 0 -9 18 -9 6
137 67 190 90 120 85 0 0
0 -9 4 7 -9 -9 -9 -9
-9 -9 -9 7 1 -9 -9 7
12 86 0 -9 -9 -9 -9 -9
-9 -9 -9 -9 -9 1 1 1
1 1 64. -9. name
1102 0 50 1 1 1 1
-9 4 145 0 264 -9 -9 -9
0 -9 -9 0 4 22 83 0
0 0 0 0 125 13 -9 9
150 80 220 80 145 80 0 0
0 -9 14 15 -9 -9 -9 -9
-9 -9 -9 -9 -9 -9 -9 4
28 83 1 -9 -9 -9 -9 2
-9 2 -9 -9 -9 1 1 1
1 1 -9. -9. name
1103 0 53 1 1 0 0
-9 3 120 -9 195 -9 -9 -9
0 -9 -9 0 11 16 85 0
0 0 0 0 125 18 -9 7
140 70 165 100 120 85 0 0
0 -9 9 9 -9 -9 -9 -9
-9 -9 -9 -9 -9 -9 -9 11
22 85 0 -9 -9 -9 -9 1
-9 -9 -9 -9 -9 1 1 1
1 1 -9. -9. name
1104 0 38 1 1 1 1
-9 4 92 1 117 -9 -9 -9
0 -9 -9 0 8 30 84 0
0 0 0 0 75 7 6 5
134 75 150 80 92 70 1 0
2.5 2 22 20 -9 -9 -9 -9
-9 -9 -9 -9 -9 -9 -9 9
5 84 1 1 2 -9 -9 -9
-9 -9 -9 -9 -9 1 1 1
1 1 -9. -9. name
1105 0 41 1 1 0 0
-9 2 120 0 295 -9 -9 -9
0 -9 -9 0 4 19 84 0
0 0 0 0 175 20 -9 7
170 64 210 85 120 80 0 0
0 -9 13 15 -9 -9 -9 -9
0 -9 0 -9 -9 -9 -9 4
22 84 0 -9 -9 -9 -9 -9
-9 -9 -9 -9 -9 1 1 1
1 1 -9. -9. name
1106 0 37 0 1 1 1
-9 4 130 0 173 -9 -9 -9
0 -9 -9 1 10 16 84 0
0 0 0 0 100 11 -9 8
184 82 170 90 130 80 0 0
0 -9 17 13 -9 -9 -9 -9
-9 -9 -9 -9 -9 -9 -9 10
20 84 0 -9 -9 -9 -9 -9
-9 -9 -9 -9 -9 1 1 1
1 1 -9. -9. name
1107 0 37 1 1 1 1
-9 4 130 1 315 -9 -9 -9
0 -9 -9 0 4 26 83 0
0 0 0 0 100 12 -9 6
158 88 190 104 130 96 0 0
0 -9 21 19 -9 -9 -9 -9
-9 -9 -9 -9 -9 -9 -9 4
30 83 0 -9 -9 -9 -9 -9
-9 -9 -9 -9 -9 1 1 1
1 1 -9. -9. name
1108 0 40 1 1 0 1
-9 3 130 0 281 -9 -9 -9
0 -9 -9 0 11 2 83 0
0 0 0 0 125 14 -9 7
167 76 180 110 130 86 0 0
0 -9 12 10 -9 -9 -9 -9
-9 -9 -9 -9 -9 -9 -9 11
11 83 0 -9 -9 -9 1 -9
-9 -9 -9 1 -9 1 1 1
1 1 -9. -9. name
1109 0 38 0 1 0 0
-9 2 120 1 275 -9 -9 -9
-9 -9 -9 0 2 10 84 0
0 0 0 0 75 9 -9 4
129 90 180 120 120 86 0 0
0 -9 10 11 -9 -9 -9 -9
-9 -9 -9 -9 -9 -9 -9 2
15 84 0 -9 -9 -9 -9 -9
-9 -9 -9 -9 -9 1 1 1
1 1 -9. -9. name
1110 0 41 1 1 1 1
-9 4 112 0 250 -9 -9 -9
0 -9 -9 0 3 31 83 0
0 0 0 0 75 8 -9 5
142 90 150 74 112 78 0 0
0 -9 10 7 -9 -9 -9 -9
-9 -9 -9 -9 -9 -9 -9 4
3 83 0 -9 -9 -9 -9 -9
-9 -9 -9 -9 -9 1 1 1
1 1 -9. -9. name
1111 0 54 0 1 0 0
-9 2 140 0 309 -9 -9 -9
-9 -9 -9 1 5 2 83 0
0 0 0 0 75 7 -9 5
140 88 160 80 140 80 0 0
0 -9 17 17 -9 -9 -9 -9
-9 -9 -9 -9 -9 -9 -9 5
10 83 0 -9 -9 -9 -9 -9
-9 -9 -9 -9 -9 1 1 1
1 1 -9. -9. name
1112 0 39 1 1 0 0
-9 2 120 0 200 -9 -9 -9
0 -9 -9 0 6 17 83 0
0 0 0 0 175 20 19 9
160 100 158 76 120 78 1 0
1 2 20 16 -9 -9 -9 -9
-9 -9 -9 -9 -9 -9 -9 6
22 83 0 -9 1 -9 -9 -9
-9 -9 -9 -9 -9 1 1 1
1 1 -9. -9. name
1113 0 41 1 1 1 1
-9 4 120 1 336 -9 -9 -9
0 1 -9 0 5 2 83 0
0 0 0 0 25 1.5 0.5 2
118 102 160 90 120 80 1 0
3 2 12 10 -9 -9 -9 -9
-9 -9 -9 -9 -9 -9 -9 5
10 83 4 2 2 -9 -9 2
-9 -9 -9 2 -9 1 1 1
4 2 -9. -9. name
1001 0 55 1 1 1 1
-9 1 140 0 295 -9 -9 -9
0 -9 -9 -9 3 12 87 0
0 0 0 0 50 6 -9 4
136 68 160 105 140 80 0 0
0 -9 7 6 -9 -9 -9 -9
-9 -9 -9 -9 -9 -9 -9 3
22 87 3 -9 -9 2 -9 2
-9 -9 -9 2 -9 1 1 1
1 1 -9. -9. name
1002 0 48 1 1 1 1
-9 4 160 0 355 -9 -9 -9
0 -9 -9 0 3 6 87 0
0 0 0 0 50 5 4 4
99 85 170 105 160 95 1 0
2 2 10 10 -9 -9 -9 -9
-9 -9 -9 -9 -9 -9 -9 3
13 87 2 -9 2 -9 -9 -9
-9 1 -9 -9 2 1 1 1
1 1 58. -9. name
1003 0 48 1 1 1 1
-9 4 160 1 193 -9 -9 -9
0 -9 -9 0 3 16 87 0
0 0 0 0 50 5 3 3
102 81 160 95 160 95 1 0
3 2 15 15 -9 -9 -9 -9
-9 -9 -9 -9 -9 -9 -9 3
25 87 2 -9 -9 2 -9 -9
-9 -9 -9 2 -9 1 1 1
1 1 -9. -9. name
1004 0 55 1 1 1 0
-9 2 145 1 326 -9 -9 -9
0 -9 -9 0 3 9 87 0
0 0 0 1 150 16 -9 7
155 97 190 110 145 80 0 0
0 -9 15 17 -9 -9 -9 -9
-9 -9 -9 -9 -9 -9 -9 3
11 87 0 -9 -9 -9 -9 -9
-9 -9 -9 -9 -9 1 1 1
1 1 -9. -9. name
1005 0 54 1 1 1 1
-9 4 200 1 198 -9 -9 -9
0 -9 -9 0 3 6 87 0
1 0 0 1 50 6 5 2
142 90 170 100 200 100 1 0
2 2 15 14 -9 -9 -9 -9
-9 -9 -9 -9 -9 -9 -9 3
10 87 2 -9 2 -9 -9 -9
2 -9 -9 -9 -9 1 1 1
3 1 -9. -9. name
1006 0 55 1 1 0 0
-9 2 160 1 292 -9 -9 -9
1 -9 -9 0 3 10 87 0
0 0 0 0 75 7 5.5 4
143 96 200 120 160 110 1 0
2 2 12 17 -9 -9 -9 -9
-9 -9 -9 -9 -9 -9 -9 3
24 87 3 -9 2 -9 -9 -9
2 2 -9 2 2 1 1 1
1 1 -9. -9. name
1007 0 43 0 1 1 0
-9 2 120 0 266 -9 -9 -9
0 -9 -9 0 3 3 87 0
1 0 0 0 75 7 -9 6
118 54 150 100 120 80 0 0
0 -9 10 10 -9 -9 -9 -9
-9 -9 -9 -9 -9 -9 -9 3
8 87 0 -9 -9 -9 -9 -9
-9 -9 -9 -9 -9 1 1 1
1 1 63. -9. name
1008 0 48 1 1 1 1
-9 4 160 1 268 -9 -9 -9
0 -9 -9 0 3 2 87 0
1 1 1 0 75 9 8 4
103 68 180 110 160 90 1 0
1 2 20 21 -9 -9 -9 -9
-9 -9 -9 -9 -9 -9 -9 3
1 87 1 -9 2 -9 2 -9
-9 -9 -9 -9 -9 1 1 3
8 2 -9. -9. name
1009 0 54 1 0 0 0
-9 1 120 0 171 -9 -9 -9
0 -9 -9 0 3 6 87 0
0 0 0 0 125 13 10 7
137 68 182 110 120 82 0 0
2 1 24 23 -9 -9 -9 -9
-9 -9 -9 -9 -9 -9 -9 3
10 87 0 -9 -9 -9 -9 -9
-9 -9 -9 -9 -9 1 1 1
1 1 65. -9. name
1010 0 54 1 1 0 1
-9 3 120 0 237 -9 -9 -9
0 -9 -9 0 9 9 86 0
0 0 0 0 150 13 12 7.5
150 98 160 80 120 80 1 0
1.5 -9 14 14 -9 -9 -9 -9
-9 -9 -9 7 2 -9 -9 9
11 86 2 -9 1 -9 -9 2
-9 -9 -9 2 -9 1 1 1
1 1 67. -9. name
1011 0 48 1 1 1 1
-9 4 122 1 275 -9 -9 -9
1 -9 -9 1 7 22 86 0
1 1 1 0 125 13 10 6.3
150 82 220 90 122 80 1 0
2 3 20 20 -9 -9 -9 -9
-9 -9 -9 -9 -9 -9 -9 7
28 86 2 -9 -9 2 -9 2
-9 -9 -9 -9 -9 1 1 1
3 3 43. -9. name
1012 0 45 1 1 1 1
-9 4 130 1 219 -9 -9 -9
0 1 -9 1 5 23 86 0
0 0 0 0 125 13 12 6
130 92 220 100 130 90 1 0
1 2 7 7 -9 -9 -9 -9
-9 -9 -9 -9 -9 -9 -9 5
28 86 2 -9 2 -9 -9 -9
-9 -9 -9 1 2 1 1 1
3 2 -9. -9. name
1013 0 49 1 1 1 1
-9 4 130 1 341 -9 -9 -9
0 -9 -9 0 5 20 86 0
1 1 1 0 100 11 10 5.4
120 70 190 100 130 80 1 0
1 2 12 10 -9 -9 -9 -9
-9 -9 -9 -9 -9 -9 -9 5
26 86 3 -9 2 -9 -9 2
-9 1 -9 2 2 1 1 1
1 1 -9. -9. name
1014 0 44 1 1 1 1
-9 4 135 1 491 -9 -9 -9
0 -9 -9 0 7 1 86 0
0 0 0 0 100 11 -9 7
135 93 220 115 135 95 0 0
0 -9 10 11 -9 -9 -9 -9
-9 -9 -9 -9 -9 -9 -9 7
1 86 4 2 -9 -9 -9 -9
-9 -9 -9 2 -9 1 1 1
1 1 -9. -9. name
1015 0 48 1 1 1 1
-9 4 120 0 260 -9 -9 -9
0 -9 -9 0 10 7 85 0
0 1 1 0 100 10 -9 6
115 72 176 90 120 80 0 0
2 2 20 21 -9 -9 -9 -9
-9 -9 -9 -9 -9 -9 -9 10
8 85 1 -9 2 2 1 -9
-9 -9 -9 -9 1 1 1 1
3 2 -9. -9. name
1016 0 61 1 1 1 1
-9 4 125 0 292 -9 -9 -9
0 -9 -9 1 3 12 85 0
1 1 1 0 50 5 -9 3
115 83 180 98 125 80 1 0
0 -9 10 10 -9 -9 -9 -9
-9 -9 -9 -9 -9 -9 -9 3
15 85 0 -9 -9 -9 -9 -9
-9 -9 -9 -9 -9 1 1 1
3 3 -9. -9. name
1017 0 62 1 1 0 0
-9 2 140 0 271 -9 -9 -9
0 -9 -9 0 3 14 85 0
0 0 0 0 100 12 11 6
152 76 240 120 140 90 0 0
1 1 12 15 -9 -9 -9 -9
-9 -9 -9 -9 -9 -9 -9 3
16 85 0 -9 -9 -9 -9 -9
-9 -9 -9 -9 -9 1 1 1
1 1 -9. -9. name
1018 0 55 1 1 1 1
-9 4 145 0 248 -9 -9 -9
0 -9 -9 0 9 13 85 0
0 0 0 0 50 6 5 4
96 68 170 100 145 90 1 0
2 2 5 8 -9 -9 -9 -9
-9 -9 -9 -9 -9 -9 -9 9
14 85 3 -9 1 2 -9 2
-9 -9 -9 2 -9 1 1 1
1 1 -9. -9. name
1019 0 53 0 1 0 0
-9 3 120 0 274 -9 -9 -9
0 -9 -9 0 10 9 85 0
0 0 0 0 25 1 -9 3
130 110 140 100 120 80 0 0
0 -9 10 11 -9 -9 -9 -9
-9 -9 -9 -9 -9 -9 -9 10
28 85 0 -9 -9 1 -9 -9
-9 -9 -9 -9 -9 1 1 1
1 1 -9. -9. name
1020 0 55 0 0 0 0
-9 2 130 1 394 -9 -9 -9
0 -9 -9 2 4 12 85 0
0 0 0 0 100 11 -9 6.3
150 100 200 100 130 90 0 0
0 -9 4 5 -9 -9 -9 -9
-9 -9 -9 -9 -9 -9 -9 4
16 85 0 -9 -9 -9 -9 -9
-9 -9 -9 -9 -9 1 1 1
1 1 -9. -9. name
1021 0 36 1 0 0 1
-9 3 150 0 160 -9 -9 -9
0 -9 -9 0 2 18 85 0
0 0 0 0 150 17 -9 7
172 72 190 90 150 80 0 0
0 -9 18 12 -9 -9 -9 -9
-9 -9 -9 -9 -9 -9 -9 2
19 85 0 -9 -9 -9 -9 -9
-9 -9 -9 -9 -9 1 1 1
1 1 -9. -9. name
1022 0 51 0 1 0 0
-9 3 150 1 200 -9 -9 -9
0 -9 -9 0 12 9 85 0
0 0 0 0 75 9 8 5
120 80 200 110 150 100 0 0
0.5 1 12 14 -9 -9 -9 -9
-9 -9 -9 -9 -9 -9 -9 12
12 85 0 -9 -9 -9 -9 -9
-9 -9 -9 -9 -9 1 1 1
1 1 -9. -9. name
1023 0 55 0 1 0 0
-9 2 122 0 320 -9 -9 -9
0 -9 -9 0 7 3 86 0
0 0 0 0 75 8 -9 6
155 100 150 90 122 80 0 0
0 -9 14 14 -9 -9 -9 -9
-9 -9 -9 -9 -9 -9 -9 7
4 86 0 -9 -9 -9 -9 -9
-9 -9 -9 -9 -9 1 1 1
1 1 67. -9. name
1024 0 46 1 1 0 0
-9 2 140 0 275 -9 -9 -9
0 -9 -9 0 4 21 86 0
0 0 0 0 75 8 -9 5
165 98 170 104 140 90 1 0
0 -9 17 16 -9 -9 -9 -9
-9 -9 -9 -9 -9 -9 -9 4
23 86 0 -9 -9 -9 -9 -9
-9 -9 -9 -9 -9 1 1 1
1 1 66. -9. name
1025 0 54 0 0 0 0
-9 2 120 1 221 -9 -9 -9
0 -9 -9 0 9 19 86 0
0 0 0 0 75 7 6.5 6
138 58 160 95 120 80 0 0
1 1 15 14 -9 -9 -9 -9
-9 -9 -9 -9 -9 -9 -9 9
16 86 0 -9 -9 -9 -9 -9
-9 -9 -9 -9 -9 1 1 1
1 1 70. -9. name
1026 0 46 1 1 1 0
-9 4 120 0 231 -9 -9 -9
0 -9 -9 0 1 16 86 0
0 0 0 0 100 11 -9 6
115 58 180 100 120 80 1 0
0 -9 19 17 -9 -9 -9 -9
-9 -9 -9 -9 -9 -9 -9 2
2 86 2 -9 -9 2 -9 2
-9 -9 -9 -9 -9 1 1 1
7 1 -9. -9. name
1027 0 59 1 1 1 1
-9 4 130 0 -9 -9 -9 -9
0 -9 -9 0 7 17 86 0
0 0 0 0 -9 13 -9 5
125 86 230 120 130 80 0 0
0 -9 8 9 -9 -9 -9 -9
-9 -9 -9 -9 -9 -9 -9 7
19 86 3 -9 2 -9 -9 -9
-9 2 -9 2 -9 1 1 1
1 1 75. -9. name
1028 0 47 1 1 0 1
-9 3 140 1 193 -9 -9 -9
0 -9 -9 0 4 30 86 0
0 1 1 0 125 15 14.5 9
145 73 200 115 140 95 1 0
1 2 16 16 -9 -9 -9 -9
-9 -9 -9 -9 -9 -9 -9 8
21 86 1 -9 -9 2 -9 -9
-9 -9 -9 -9 -9 1 1 1
1 1 62. -9. name
1029 0 54 1 1 0 0
-9 2 160 1 305 -9 -9 -9
0 -9 -9 0 5 22 86 0
0 0 0 0 150 -9 20 7
175 100 210 110 160 110 0 0
0 -9 6 7 -9 -9 -9 -9
-9 -9 -9 -9 -9 -9 -9 5
28 86 0 -9 -9 -9 -9 -9
-9 -9 -9 -9 -9 1 1 1
1 1 70. -9. name
1030 0 52 1 1 1 1
-9 4 130 0 298 -9 -9 -9
0 -9 -9 0 8 14 86 0
0 0 0 0 75 9 8 4
110 70 180 80 130 80 1 0
1 2 9 12 -9 -9 -9 -9
-9 -9 -9 -9 -9 -9 -9 8
15 86 3 -9 2 2 -9 2
-9 -9 -9 2 2 1 1 1
1 2 -9. -9. name
1031 0 34 1 1 0 0
-9 2 98 0 220 -9 -9 -9
0 -9 -9 0 12 8 86 0
0 0 0 0 130 18 -9 6
150 83 150 80 98 70 0 0
0 -9 15 15 -9 -9 -9 -9
-9 -9 -9 -9 -9 -9 -9 12
12 86 0 -9 -9 -9 -9 -9
-9 -9 -9 -9 -9 1 1 1
1 2 50. -9. name
1032 0 54 1 1 1 0
-9 4 130 1 242 -9 -9 -9
0 -9 -9 0 4 10 86 0
0 0 0 0 75 9 8 5
91 70 146 90 130 80 1 0
1 2 10 12 -9 -9 -9 -9
-9 -9 -9 -9 -9 -9 -9 4
12 86 2 -9 -9 2 -9 1
-9 -9 -9 -9 2 1 1 1
7 1 66. -9. name
1033 0 47 0 1 0 0
-9 3 130 0 -9 -9 -9 -9
0 -9 -9 0 4 3 86 0
0 0 0 0 100 11 10 7
145 70 200 110 130 90 0 0
2 2 10 7 -9 -9 -9 -9
-9 -9 -9 -9 -9 -9 -9 6
15 86 0 -9 -9 -9 -9 -9
-9 -9 -9 -9 -9 1 1 1
1 1 68. -9. name
1034 0 45 1 1 1 1
-9 4 120 0 225 -9 -9 -9
0 -9 -9 0 11 14 86 0
0 0 0 0 150 16 -9 7
140 88 200 100 120 80 0 0
0 -9 10 10 -9 -9 -9 -9
-9 -9 -9 -9 -9 -9 -9 11
20 86 0 -9 -9 -9 -9 -9
-9 -9 -9 -9 -9 1 1 1
1 1 -9. -9. name
1035 0 32 0 1 0 0
-9 2 105 0 198 -9 -9 -9
0 -9 -9 0 6 5 86 0
0 0 0 0 75 8 -9 5
165 92 160 90 105 70 0 0
0 -9 5 4 -9 -9 -9 -9
-9 -9 -9 -9 -9 -9 -9 6
8 86 0 -9 -9 -9 -9 -9
-9 -9 -9 -9 -9 1 1 1
1 1 -9. -9. name
1036 0 55 1 1 1 1
-9 4 140 1 201 -9 -9 -9
0 -9 -9 0 6 30 86 0
0 0 0 0 100 10 9 6
130 98 210 105 140 80 1 0
3 2 10 15 -9 -9 -9 -9
-9 -9 -9 -9 -9 -9 -9 7
2 86 1 -9 2 -9 -9 -9
-9 -9 -9 -9 -9 1 1 1
1 1 -9. -9. name
1037 0 55 1 1 0 0
-9 3 120 0 220 -9 -9 -9
0 -9 -9 2 3 25 87 0
0 0 0 0 100 11 -9 5
134 98 170 100 120 82 0 0
0 -9 6 9 -9 -9 -9 -9
-9 -9 -9 -9 -9 -9 -9 3
27 87 0 -9 -9 -9 -9 -9
-9 -9 -9 -9 -9 1 1 1
1 1 -9. -9. name
1038 0 45 0 0 0 0
-9 2 180 0 -9 -9 -9 -9
0 -9 -9 0 12 9 86 0
0 0 0 0 75 7 -9 7
180 110 120 80 180 80 0 0
0 -9 9 7 -9 -9 -9 -9
-9 -9 -9 -9 -9 -9 -9 12
12 86 0 -9 -9 -9 -9 -9
-9 -9 -9 -9 -9 1 1 1
1 1 70. -9. name
1039 0 59 1 1 0 1
-9 3 180 1 213 -9 -9 -9
0 -9 -9 0 2 12 86 0
0 0 0 0 50 5 -9 3
100 60 200 110 180 100 0 0
0 -9 21 18 -9 -9 -9 -9
-9 -9 -9 -9 -9 -9 -9 2
16 86 0 -9 -9 1 -9 -9
-9 -9 -9 -9 -9 1 1 1
1 1 -9. -9. name
1041 0 51 1 1 0 0
-9 3 135 1 160 -9 -9 -9
0 -9 -9 0 3 23 87 0
0 0 0 1 100 12 10 5
150 100 210 120 135 90 0 0
2 2 7 12 -9 -9 -9 -9
-9 -9 -9 -9 -9 -9 -9 3
26 86 3 -9 2 -9 2 1
2 2 -9 2 -9 1 1 3
8 2 -9. -9. name
1042 0 52 1 1 1 1
-9 4 170 0 -9 -9 -9 -9
0 -9 -9 0 4 22 87 0
0 0 0 0 100 10 7 6
126 63 220 95 170 85 1 0
1.5 2 17 20 -9 -9 -9 -9
-9 -9 -9 -9 -9 -9 -9 4
20 86 2 -9 2 -9 -9 1
-9 2 -9 -9 -9 1 1 1
1 1 -9. -9. name
1043 0 57 0 1 1 1
-9 4 180 0 347 -9 -9 -9
0 -9 -9 1 3 2 87 0
0 0 0 0 50 5 4 4
126 98 180 105 180 105 1 0
0.8 2 16 19 -9 -9 -9 -9
-9 -9 -9 -9 -9 -9 -9 4
10 87 0 -9 -9 -9 2 -9
-9 -9 -9 -9 -9 1 1 1
1 1 -9. -9. name
1044 0 54 0 1 0 0
-9 2 130 1 253 -9 -9 -9
0 -9 -9 1 3 25 87 0
0 0 0 0 100 11 -9 5
155 74 175 100 130 90 0 0
0 -9 5 6 -9 -9 -9 -9
-9 -9 -9 -9 -9 -9 -9 4
6 87 0 -9 -9 -9 -9 -9
-9 -9 -9 -9 -9 1 1 1
1 3 -9. -9. name
1045 0 60 1 1 0 0
-9 3 120 0 246 -9 -9 -9
0 -9 -9 2 12 3 86 0
0 0 0 0 100 10 -9 5
135 73 145 90 120 80 0 0
0 -9 4 6 -9 -9 -9 -9
-9 -9 -9 -9 -9 -9 -9 12
10 86 0 -9 -9 -9 -9 -9
-9 -9 -9 -9 -9 1 1 1
1 1 -9. -9. name
1046 0 49 1 1 1 1
-9 4 150 1 222 -9 -9 -9
0 -9 -9 0 3 27 86 0
1 1 1 0 100 11 10.5 5
122 83 160 95 150 98 0 0
2 2 12 14 -9 -9 -9 -9
0 -9 0 -9 -9 -9 -9 3
29 87 4 2 -9 -9 -9 -9
-9 -9 -9 -9 -9 1 1 1
1 1 -9. -9. name
1047 0 51 0 1 0 1
-9 3 130 0 220 -9 -9 -9
0 -9 -9 0 10 8 86 0
0 0 0 0 50 5 4 3
160 92 160 80 130 90 1 0
2 1 13 13 -9 -9 -9 -9
-9 -9 -9 -9 -9 -9 -9 10
12 86 0 -9 -9 -9 -9 -9
-9 -9 -9 -9 -9 1 1 1
1 1 61. -9. name
1048 0 55 0 0 0 0
-9 2 110 0 344 -9 -9 -9
0 -9 -9 1 7 10 86 0
0 0 0 0 100 10 -9 7
160 84 200 90 110 70 0 0
0 -9 11 11 -9 -9 -9 -9
-9 -9 -9 -9 -9 -9 -9 7
14 86 0 -9 -9 -9 -9 -9
-9 -9 -9 -9 -9 1 1 1
1 1 -9. -9. name
1049 0 42 1 1 1 1
-9 4 140 1 358 -9 -9 -9
0 -9 -9 0 4 1 85 0
0 0 0 0 125 18 -9 7
170 125 230 100 140 100 0 0
0 -9 6 4 -9 -9 -9 -9
-9 -9 -9 -9 -9 -9 -9 4
5 85 0 -9 -9 -9 -9 -9
-9 -9 -9 -9 -9 1 1 1
1 1 -9. -9. name
1050 0 51 0 1 0 1
-9 3 110 0 190 -9 -9 -9
0 -9 -9 0 5 2 85 0
0 0 0 0 75 9 -9 4
120 78 160 80 110 70 0 0
0 -9 14 12 -9 -9 -9 -9
-9 -9 -9 -9 -9 -9 -9 5
15 85 0 -9 -9 -9 -9 -9
-9 -9 -9 -9 -9 1 1 1
1 1 -9. -9. name
1051 0 59 1 1 1 1
-9 4 140 0 -9 -9 -9 -9
0 -9 -9 0 4 29 85 0
0 0 0 0 100 10 -9 5
140 78 220 110 140 90 0 0
0 -9 4 6 0 -9 -9 -9
-9 -9 -9 -9 -9 -9 -9 5
6 85 0 -9 -9 -9 -9 -9
-9 -9 -9 -9 -9 1 1 1
1 1 -9. -9. name
1052 0 53 1 1 0 0
-9 2 120 0 -9 -9 -9 -9
0 -9 -9 0 3 5 85 0
0 0 0 0 175 19 -9 7
132 56 180 100 120 80 0 0
0 -9 8 8 -9 -9 -9 -9
-9 -9 -9 -9 -9 -9 -9 3
12 85 0 -9 -9 -9 -9 -9
-9 -9 -9 -9 -9 1 1 1
1 1 -9. -9. name
1053 0 48 0 0 0 0
-9 2 -9 0 308 -9 -9 -9
0 -9 -9 1 3 7 85 0
0 0 0 0 100 11 10 6
-9 -9 -9 -9 -9 -9 -9 -9
2 1 16 13 -9 -9 -9 -9
-9 -9 -9 -9 -9 -9 -9 3
16 85 0 -9 -9 -9 -9 -9
-9 -9 -9 -9 -9 1 1 1
1 1 -9. -9. name
1054 0 36 1 1 0 0
-9 2 120 0 166 -9 -9 -9
0 -9 -9 0 3 15 85 0
0 0 0 0 150 18 -9 7
180 72 170 110 120 80 0 0
0 -9 13 13 -9 -9 -9 -9
-9 -9 -9 -9 -9 -9 -9 3
17 85 0 -9 -9 -9 -9 -9
-9 -9 -9 -9 -9 1 1 1
1 1 -9. -9. name
5001 0 48 1 0 0 0
-9 3 110 0 211 -9 -9 -9
0 -9 -9 0 3 26 85 0
0 0 0 0 125 15 -9 -9
138 66 190 82 110 60 0 0
0 -9 10 10 -9 -9 -9 -9
-9 -9 -9 6 1 -9 -9 3
28 85 0 -9 -9 -9 -9 -9
-9 -9 -9 -9 -9 1 1 1
1 1 -9. -9. name
5000 0 47 0 0 0 0
-9 2 140 1 257 -9 -9 -9
0 -9 -9 0 3 3 86 0
0 0 0 0 50 6 5.5 4
135 84 150 90 140 90 0 0
1 1 14 13 -9 -9 -9 -9
-9 -9 -9 -9 -9 -9 -9 3
6 86 0 -9 -9 -9 -9 -9
-9 -9 -9 -9 -9 1 1 1
1 1 -9. -9. name
5002 0 53 1 1 1 1
-9 4 130 0 182 -9 -9 -9
0 -9 -9 0 8 3 84 0
0 0 0 0 75 13 -9 6
148 80 200 92 130 80 0 0
0 -9 13 12 -9 -9 -9 -9
-9 -9 -9 -9 -9 -9 -9 8
5 84 0 -9 -9 -9 -9 -9
-9 -9 -9 1 1 1 1 1
1 1 -9. -9. name

